https://osu.ppy.sh/beatmaps/5411317	39092279	87150.89321404384	77514	NM	0.6029723991507431	0.577735
https://osu.ppy.sh/beatmaps/5411317	32615152	605521.8173913982	562887	NM	0.9363057324840764	0.916018
https://osu.ppy.sh/beatmaps/5411317	37363820	817955.5880929863	782152	NM	0.9341825902335457	0.918858
https://osu.ppy.sh/beatmaps/5411317	38491565	725686.0477683239	640134	NM	0.9617834394904459	0.9247
https://osu.ppy.sh/beatmaps/5411317	38823165	988291.95973978	986452	HRHD	0.9957537154989384	0.995131
https://osu.ppy.sh/beatmaps/5411317	15272879	971842.3710046862	947684	DTHD	0.9909766454352441	0.982554
https://osu.ppy.sh/beatmaps/5411317	7274162	676145.5448595723	601629	DT	0.9506369426751592	0.916829
https://osu.ppy.sh/beatmaps/5411317	39074796	675965.9052764343	605083	NM	0.9628450106157113	0.93184
https://osu.ppy.sh/beatmaps/5411317	33828588	480248.2078528049	360412	NM	0.8694267515923567	0.786595
https://osu.ppy.sh/beatmaps/5396694	11170471	557751.1589202388	559773	NM	0.9561815336463224	0.957077
https://osu.ppy.sh/beatmaps/5396694	12717815	642603.5450586771	641103	NM	0.9688575899843506	0.968238
https://osu.ppy.sh/beatmaps/5396694	37130276	527343.4390558411	521490	NM	0.9366197183098591	0.933819
https://osu.ppy.sh/beatmaps/5396694	5242347	541032.7498175835	537724	NM	0.95320813771518	0.951712
https://osu.ppy.sh/beatmaps/5396694	31674287	562428.1530582462	541872	NM	0.9442879499217527	0.934705
https://osu.ppy.sh/beatmaps/5396694	21869499	535354.0095684526	524060	NM	0.94679186228482	0.941538
https://osu.ppy.sh/beatmaps/5396694	4347305	752516.1921133562	753622	NM	0.9868544600938968	0.98727
https://osu.ppy.sh/beatmaps/5396694	33887741	544367.9680145942	542987	NM	0.9447574334898279	0.94412
https://osu.ppy.sh/beatmaps/5396694	24210298	610407.1567225528	612559	NM	0.9735524256651017	0.974439
https://osu.ppy.sh/beatmaps/5396694	6133101	991698.6141543922	990473	NM	0.9968701095461658	0.996457
https://osu.ppy.sh/beatmaps/5278313	37110940	548184.8618014492	474684	NM	0.9048640915593705	0.86408
https://osu.ppy.sh/beatmaps/5278313	37844159	532935.1012090371	478480	NM	0.9005722460658083	0.870328
https://osu.ppy.sh/beatmaps/5278313	9293294	562680.0957441666	411846	NM	0.8841201716738197	0.787351
https://osu.ppy.sh/beatmaps/5278313	38953551	974613.5482648488	900711	NM	0.9914163090128756	0.964924
https://osu.ppy.sh/beatmaps/5278313	6436746	704013.6994911635	591412	DTHD	0.9420600858369099	0.888743
https://osu.ppy.sh/beatmaps/5278313	3819901	1000000.0	1000000	PFHD	1.0	1.0
https://osu.ppy.sh/beatmaps/5278313	8279222	668649.0138454508	621871	NM	0.9506437768240343	0.929848
https://osu.ppy.sh/beatmaps/5278313	38940373	608680.967038864	473660	NM	0.8991416309012875	0.820783
https://osu.ppy.sh/beatmaps/5278313	21668069	396527.69248716626	342426	DT	0.8569384835479256	0.819029
https://osu.ppy.sh/beatmaps/5278313	32540303	587710.6637724584	552213	NM	0.9034334763948498	0.884906
https://osu.ppy.sh/beatmaps/5310176	39104496	230371.21764460008	224076	NM	0.7071651090342679	0.699416
https://osu.ppy.sh/beatmaps/5310176	39105877	256402.28030324215	252469	NM	0.7632398753894081	0.75933
https://osu.ppy.sh/beatmaps/5310176	12021724	981501.8949446522	970046	HRDT	0.9937694704049844	0.989845
https://osu.ppy.sh/beatmaps/5310176	39104209	254217.11217672663	221529	NM	0.7040498442367601	0.662351
https://osu.ppy.sh/beatmaps/5310176	28377805	928263.1306627011	899470	HRDT	0.9750778816199377	0.964458
https://osu.ppy.sh/beatmaps/5310176	39103372	268064.0798806263	284675	NM	0.7507788161993769	0.766946
https://osu.ppy.sh/beatmaps/5310176	38482304	749027.594089105	727084	NM	0.9595015576323987	0.950495
https://osu.ppy.sh/beatmaps/5310176	35787733	391121.86835047964	375635	NM	0.8099688473520249	0.798172
https://osu.ppy.sh/beatmaps/5310176	39081043	426558.8299366869	421251	NM	0.8473520249221184	0.843869
https://osu.ppy.sh/beatmaps/5310176	38898365	363158.96226528985	307081	NM	0.8052959501557633	0.757553
https://osu.ppy.sh/beatmaps/5441729	11043592	656046.1825857924	614988	NM	0.9239373601789709	0.904305
https://osu.ppy.sh/beatmaps/5441729	31533670	874567.5043781928	863694	NM	0.959731543624161	0.955532
https://osu.ppy.sh/beatmaps/5441729	11936931	698633.1064214373	675539	NM	0.9619686800894854	0.95233
https://osu.ppy.sh/beatmaps/5441729	35480037	761327.3916618635	648683	NM	0.9093959731543624	0.853255
https://osu.ppy.sh/beatmaps/5441729	11255806	768455.9542733398	584764	NM	0.9105145413870246	0.813234
https://osu.ppy.sh/beatmaps/5441729	9910665	921139.5007438285	881179	NM	0.9731543624161074	0.9582
https://osu.ppy.sh/beatmaps/5441729	37000630	974051.8550890035	979407	NM	0.9910514541387024	0.992885
https://osu.ppy.sh/beatmaps/5310177	25996576	283820.54464697576	228798	HD	0.7666666666666667	0.707904
https://osu.ppy.sh/beatmaps/5310177	30180829	147470.7285645003	112206	NM	0.6574074074074074	0.587928
https://osu.ppy.sh/beatmaps/5310177	37742105	254849.57167036406	212900	NM	0.7361111111111112	0.68609
https://osu.ppy.sh/beatmaps/5310177	38889439	270337.81117531145	221946	NM	0.7444444444444445	0.688779
https://osu.ppy.sh/beatmaps/5310177	38872866	142097.75004472572	129845	NM	0.6574074074074074	0.63544
https://osu.ppy.sh/beatmaps/5310177	5293329	412181.9543754427	335617	NM	0.8212962962962963	0.760197
https://osu.ppy.sh/beatmaps/5310177	30734990	599516.6635277411	544199	HD	0.9148148148148149	0.886449
https://osu.ppy.sh/beatmaps/5310177	36653422	204685.61834334693	197155	NM	0.7379629629629629	0.72912
https://osu.ppy.sh/beatmaps/3237141	39105943	525936.3877370914	437811	NM	0.891156462585034	0.838566
https://osu.ppy.sh/beatmaps/3237141	3819901	1000480.0	1000480	PFDTHD	1.0	1.0
https://osu.ppy.sh/beatmaps/3237141	39096253	191983.384305958	154957	NM	0.7380952380952381	0.68951
https://osu.ppy.sh/beatmaps/3237141	38930625	271938.60816833907	214108	NM	0.7874149659863946	0.728433
https://osu.ppy.sh/beatmaps/3237141	24807188	990184.5608185634	962849	NM	0.9965986394557823	0.987238
https://osu.ppy.sh/beatmaps/3237141	39013474	287919.64371840435	285097	NM	0.7712585034013606	0.768632
https://osu.ppy.sh/beatmaps/3237141	8202576	1000530.0	1000530	PF	1.0	1.0
https://osu.ppy.sh/beatmaps/3237141	38495122	156516.79251341295	126234	NM	0.6904761904761905	0.640378
https://osu.ppy.sh/beatmaps/3237141	7274162	728726.2786622028	611930	DT	0.95578231292517	0.903012
https://osu.ppy.sh/beatmaps/5380613	36250313	571139.062456109	558914	NM	0.946045197740113	0.940443
https://osu.ppy.sh/beatmaps/5380613	22990077	561453.9900458237	562206	NM	0.9570621468926553	0.957394
https://osu.ppy.sh/beatmaps/5380613	32463942	603574.7623162407	584101	NM	0.9070621468926554	0.897242
https://osu.ppy.sh/beatmaps/5380613	30723776	622479.7030227762	578311	NM	0.9344632768361582	0.913506
https://osu.ppy.sh/beatmaps/5380613	18803531	571794.5523857538	559643	NM	0.9302259887005649	0.924409
https://osu.ppy.sh/beatmaps/5380613	22737645	659762.0389606755	643189	DT	0.9641242937853107	0.957165
https://osu.ppy.sh/beatmaps/5380613	15057134	652928.2159292907	621165	NM	0.9689265536723164	0.955562
https://osu.ppy.sh/beatmaps/5380613	34498914	691304.7484236516	663133	NM	0.9548022598870056	0.942734
https://osu.ppy.sh/beatmaps/5380613	16485088	612654.5442863475	599416	DT	0.9627118644067797	0.957028
https://osu.ppy.sh/beatmaps/5380613	9910665	960779.2082264521	960286	DT	0.996045197740113	0.995877
https://osu.ppy.sh/beatmaps/5322245	38859279	124550.52748323923	95711	NM	0.6306954436450839	0.56488
https://osu.ppy.sh/beatmaps/5322245	39095516	112937.75149082614	110599	NM	0.60431654676259	0.599068
https://osu.ppy.sh/beatmaps/5322245	27453229	103336.20792276922	98950	NM	0.592326139088729	0.581585
https://osu.ppy.sh/beatmaps/5322245	39103373	138914.78367790615	140422	NM	0.6187050359712231	0.621601
https://osu.ppy.sh/beatmaps/5322245	18409337	446027.4943599714	391409	NM	0.8537170263788969	0.816628
https://osu.ppy.sh/beatmaps/5322245	38997966	568158.338597268	513642	NM	0.8968824940047961	0.866939
https://osu.ppy.sh/beatmaps/5322245	39100164	104877.27848898536	94300	NM	0.5827338129496403	0.554973
https://osu.ppy.sh/beatmaps/5322245	38983031	502783.89203459804	475923	NM	0.8285371702637889	0.810606
https://osu.ppy.sh/beatmaps/5322245	38912278	511270.7472438903	492941	NM	0.8812949640287769	0.870824
https://osu.ppy.sh/beatmaps/5255895	38730509	489080.81826788397	425228	NM	0.9127686472819216	0.877141
https://osu.ppy.sh/beatmaps/5255895	23424039	393942.84969812864	317824	NM	0.8790560471976401	0.827509
https://osu.ppy.sh/beatmaps/5255895	33662005	292609.70626868604	232518	NM	0.8230088495575221	0.769946
https://osu.ppy.sh/beatmaps/5255895	39009027	397929.7410319705	320725	NM	0.8729456384323641	0.81971
https://osu.ppy.sh/beatmaps/5255895	15272879	793600.3494616344	759151	DTHD	0.9709228824273072	0.957318
https://osu.ppy.sh/beatmaps/5255895	38654904	257615.58767985995	193557	NM	0.7926675094816688	0.725991
https://osu.ppy.sh/beatmaps/5255895	24102446	573832.7470805284	502173	NM	0.9344711335861778	0.89858
https://osu.ppy.sh/beatmaps/5255895	34130748	495705.0638305922	447712	NM	0.9355246523388117	0.911078
https://osu.ppy.sh/beatmaps/5255895	39094021	241929.0336492954	198380	NM	0.8065739570164349	0.764725
https://osu.ppy.sh/beatmaps/5255895	34832021	335295.18687726656	242303	NM	0.8491361146228403	0.772916
https://osu.ppy.sh/beatmaps/5312069	14491245	735227.594654263	711985	NM	0.9940417080436942	0.985268
https://osu.ppy.sh/beatmaps/5312069	13909194	750679.9326178837	756705	NM	0.9851042701092354	0.987373
https://osu.ppy.sh/beatmaps/5312069	18566373	981665.4937028518	965309	NM	0.9940417080436942	0.988425
https://osu.ppy.sh/beatmaps/5312069	10094304	836323.5223246175	800290	NM	0.9768288646143661	0.963039
https://osu.ppy.sh/beatmaps/5312069	22737645	760423.9392758214	764322	NM	0.9904005296259517	0.991845
https://osu.ppy.sh/beatmaps/5312069	4917316	726540.3885940257	683106	NM	0.9726911618669315	0.955015
https://osu.ppy.sh/beatmaps/5312069	2468323	723347.171589608	728392	DTHD	0.9756703078450845	0.977639
https://osu.ppy.sh/beatmaps/5312069	15363330	652843.5544609965	653531	DT	0.9781529294935452	0.978428
https://osu.ppy.sh/beatmaps/5312069	30656658	750838.2882226906	754752	NM	0.9864283349884144	0.987899
https://osu.ppy.sh/beatmaps/5312069	11265745	671020.122771422	668535	NM	0.979808010592519	0.978823
https://osu.ppy.sh/beatmaps/5091738	27943032	281739.1832656055	288272	NM	0.8403776978417267	0.845227
https://osu.ppy.sh/beatmaps/5091738	37950720	113857.92087866296	128096	NM	0.6842026378896883	0.706413
https://osu.ppy.sh/beatmaps/5091738	1023489	503370.1811337941	504693	NM	0.9321043165467626	0.932749
https://osu.ppy.sh/beatmaps/5091738	3771576	567810.7483013447	578270	DTHD	0.9641786570743405	0.968654
https://osu.ppy.sh/beatmaps/5091738	9910665	332617.7553565771	339221	NM	0.8733513189448441	0.877589
https://osu.ppy.sh/beatmaps/5091738	8202576	505535.3346414988	516120	HT	0.9482913669064749	0.953167
https://osu.ppy.sh/beatmaps/5091738	14187582	349164.211333926	358145	NM	0.8788968824940048	0.884478
https://osu.ppy.sh/beatmaps/5091738	18633882	152200.71161151718	149264	NM	0.7375599520383693	0.733844
https://osu.ppy.sh/beatmaps/5091738	9379821	252219.12311042857	242199	NM	0.8196942446043165	0.811255
https://osu.ppy.sh/beatmaps/5091738	11800154	571698.8935767902	572950	HD	0.9484412470023981	0.949004
https://osu.ppy.sh/beatmaps/5432512	4917316	972881.643164299	969171	NM	0.9905323329760629	0.989253
https://osu.ppy.sh/beatmaps/5432512	13598625	388957.36342502973	373985	DT	0.8844230082172204	0.875245
https://osu.ppy.sh/beatmaps/5432512	34747279	424126.5863638762	419049	NM	0.9062165058949625	0.903405
https://osu.ppy.sh/beatmaps/5432512	32156020	586441.8912562827	582120	NM	0.9646302250803859	0.962776
https://osu.ppy.sh/beatmaps/5432512	37764036	426630.89543342823	421324	NM	0.9071096820292962	0.904183
https://osu.ppy.sh/beatmaps/5432512	13190985	371965.2905033028	336711	DT	0.8708467309753484	0.847366
https://osu.ppy.sh/beatmaps/5432512	3961648	499112.7737492572	490765	NM	0.929081814933905	0.924929
https://osu.ppy.sh/beatmaps/5432512	35096050	487987.91232481704	478603	NM	0.9294390853876384	0.924742
https://osu.ppy.sh/beatmaps/5432512	8523997	341959.11188874475	342159	DT	0.8628081457663451	0.862941
https://osu.ppy.sh/beatmaps/5432512	13688441	346106.4437272977	315169	NM	0.8463737048946052	0.823755
https://osu.ppy.sh/beatmaps/5465205	1905380	952891.3885665407	934712	HR	0.9838709677419355	0.977406
https://osu.ppy.sh/beatmaps/5465205	38874373	1000000.0	1000000	NM	1.0	1.0
https://osu.ppy.sh/beatmaps/5465205	8202576	1000000.0	1000000	PF	1.0	1.0
https://osu.ppy.sh/beatmaps/5465205	37760168	999999.5606834348	938418	NM	1.0	0.978735
https://osu.ppy.sh/beatmaps/5465205	14232585	978750.0245426185	909234	DT	0.992831541218638	0.968102
https://osu.ppy.sh/beatmaps/5465205	38953551	978749.1733307047	984192	NM	0.992831541218638	0.994684
https://osu.ppy.sh/beatmaps/5465205	13627680	978750.3949493535	923695	DTHD	0.992831541218638	0.973418
https://osu.ppy.sh/beatmaps/5465205	3819901	1000000.0	1000000	PFDTHD	1.0	1.0
https://osu.ppy.sh/beatmaps/5465205	12021724	1000000.0	1000000	HR	1.0	1.0
https://osu.ppy.sh/beatmaps/5464499	15272879	885271.5748091824	882804	HD	0.9857549857549858	0.984868
https://osu.ppy.sh/beatmaps/5464499	18126826	916180.1660600537	902630	NM	0.9715099715099715	0.966494
https://osu.ppy.sh/beatmaps/5464499	7274162	807671.3936070128	820264	NM	0.9287749287749287	0.934068
https://osu.ppy.sh/beatmaps/5464499	9910665	966743.6869512796	962210	DT	0.9886039886039886	0.98703
https://osu.ppy.sh/beatmaps/5464499	14232585	1000288.9569216243	987413	NM	1.0	0.995677
https://osu.ppy.sh/beatmaps/5464499	37353849	885220.8351415256	847519	NM	0.9857549857549858	0.971898
https://osu.ppy.sh/beatmaps/5464499	18291879	888275.8880350753	804893	NM	0.9601139601139601	0.926502
https://osu.ppy.sh/beatmaps/5464499	8287810	966893.6869512796	962360	NM	0.9886039886039886	0.98703
https://osu.ppy.sh/beatmaps/5470472	12019535	592386.6833355261	590250	HD	0.9327731092436975	0.931777
https://osu.ppy.sh/beatmaps/5470472	31313575	655677.7537895136	660214	NM	0.9516806722689075	0.953621
https://osu.ppy.sh/beatmaps/5470472	9910665	896811.2591109932	889684	NM	0.9649859943977591	0.962298
https://osu.ppy.sh/beatmaps/5470472	17033632	953282.3731152383	947055	DTHD	0.9842436974789915	0.982047
https://osu.ppy.sh/beatmaps/5470472	34837309	687113.3664332189	688439	NM	0.9537815126050421	0.954339
https://osu.ppy.sh/beatmaps/5470472	7307025	702347.1588000959	700629	NM	0.9807422969187675	0.980072
https://osu.ppy.sh/beatmaps/5470472	7413545	767305.4349113384	755426	NM	0.9901960784313726	0.985757
https://osu.ppy.sh/beatmaps/5470472	6141330	750762.7989756593	736175	NM	0.9754901960784313	0.969779
https://osu.ppy.sh/beatmaps/5470472	6993643	630557.5819882844	646310	NM	0.9467787114845938	0.953621
https://osu.ppy.sh/beatmaps/5400231	38755594	470203.8751169801	401251	NM	0.8812056737588653	0.838062
https://osu.ppy.sh/beatmaps/5400231	6436746	693454.826564753	640191	HD	0.9620567375886525	0.939238
https://osu.ppy.sh/beatmaps/5400231	3121564	739060.8127884389	695315	NM	0.9464539007092199	0.927486
https://osu.ppy.sh/beatmaps/5400231	9274035	417644.2691273758	379459	NM	0.874468085106383	0.8501
https://osu.ppy.sh/beatmaps/5400231	15272879	982135.1789975523	973573	HD	0.9943262411347518	0.991402
https://osu.ppy.sh/beatmaps/5400231	38756475	228108.81453007105	197020	NM	0.7797872340425532	0.74732
https://osu.ppy.sh/beatmaps/5400231	36396590	369217.5576067462	360534	NM	0.8542553191489362	0.848381
https://osu.ppy.sh/beatmaps/5400231	38622251	379540.9829577696	334312	NM	0.8524822695035461	0.820292
https://osu.ppy.sh/beatmaps/5400231	36016580	502416.41376148234	475372	NM	0.9145390070921986	0.900258
https://osu.ppy.sh/beatmaps/5400231	37095450	460549.6513630313	455323	NM	0.9056737588652483	0.902838
https://osu.ppy.sh/beatmaps/5050004	37471201	452418.3648238665	411594	NM	0.8764705882352941	0.851172
https://osu.ppy.sh/beatmaps/5050004	39079822	590739.8774029101	538010	NM	0.8888888888888888	0.859827
https://osu.ppy.sh/beatmaps/5050004	3891023	1000000.0	1000000	HRNCHD	1.0	1.0
https://osu.ppy.sh/beatmaps/5050004	33407375	519940.00596290827	464128	NM	0.8738562091503268	0.840089
https://osu.ppy.sh/beatmaps/5050004	19079176	646876.9662803657	605880	NM	0.9392156862745098	0.920308
https://osu.ppy.sh/beatmaps/5050004	38823165	1000000.0	1000000	HRHD	1.0	1.0
https://osu.ppy.sh/beatmaps/5050004	39097771	405734.5098708167	363384	NM	0.8437908496732026	0.813701
https://osu.ppy.sh/beatmaps/5050004	37924295	888496.831291336	839215	NM	0.9607843137254902	0.941419
https://osu.ppy.sh/beatmaps/5278312	6524209	561248.2775109598	562126	NM	0.9357638888888888	0.936175
https://osu.ppy.sh/beatmaps/5278312	28437546	528068.6371300305	531112	NM	0.9366319444444444	0.938075
https://osu.ppy.sh/beatmaps/5278312	33463920	592150.7280336882	597618	NM	0.9565972222222222	0.95897
https://osu.ppy.sh/beatmaps/5278312	17444356	498460.9081333822	475278	NM	0.9288194444444444	0.917104
https://osu.ppy.sh/beatmaps/5278312	17193028	899184.4000346813	884487	NM	0.9913194444444444	0.986095
https://osu.ppy.sh/beatmaps/5278312	13263918	622548.3223077712	632531	NM	0.9600694444444444	0.964288
https://osu.ppy.sh/beatmaps/5278312	21869499	459142.1239771635	477580	NM	0.8988715277777778	0.908822
https://osu.ppy.sh/beatmaps/5278312	9910665	585980.9060967371	577146	NM	0.9188368055555556	0.91452
https://osu.ppy.sh/beatmaps/5278312	11955929	648138.1814618157	652155	NM	0.9526909722222222	0.954411
https://osu.ppy.sh/beatmaps/5278312	2749019	530401.754808198	546296	HR	0.9227430555555556	0.930476
https://osu.ppy.sh/beatmaps/5401566	22132884	289309.5547147244	249429	NM	0.7446483180428135	0.701226
https://osu.ppy.sh/beatmaps/5401566	33175341	183965.20369746233	143861	NM	0.6788990825688074	0.612132
https://osu.ppy.sh/beatmaps/5401566	32156020	407946.24874292116	396128	NM	0.8402140672782875	0.832108
https://osu.ppy.sh/beatmaps/5401566	34316376	122831.99571206052	111273	NM	0.6215596330275229	0.596814
https://osu.ppy.sh/beatmaps/5401566	35101365	232914.66595568456	222100	NM	0.7324159021406728	0.719975
https://osu.ppy.sh/beatmaps/5401566	35899893	277647.5759340159	247132	NM	0.746177370030581	0.713235
https://osu.ppy.sh/beatmaps/5401566	9910665	751451.5531541922	731531	NM	0.9495412844036697	0.941176
https://osu.ppy.sh/beatmaps/5401566	29633480	301482.43813925004	266990	NM	0.7530581039755352	0.717525
https://osu.ppy.sh/beatmaps/5401566	2327285	947197.2087391317	903337	NM	0.981651376146789	0.965686
https://osu.ppy.sh/beatmaps/5255891	7802400	777589.0846069397	766005	HD	0.9906686140863356	0.986363
https://osu.ppy.sh/beatmaps/5255891	9653041	354456.90010633325	337037	NM	0.8798279779292437	0.868689
https://osu.ppy.sh/beatmaps/5255891	4225643	414802.47168615717	410356	NM	0.9126906848425835	0.910265
https://osu.ppy.sh/beatmaps/5255891	29124866	289884.80996507505	269500	NM	0.852401817591691	0.837302
https://osu.ppy.sh/beatmaps/5255891	14948456	563203.136284405	541904	NM	0.9620253164556962	0.952588
https://osu.ppy.sh/beatmaps/5255891	6988796	509995.66060658556	496394	NM	0.9537487828627069	0.947459
https://osu.ppy.sh/beatmaps/5255891	13260523	386825.4075670879	389278	HD	0.8988964621876014	0.900305
https://osu.ppy.sh/beatmaps/5255891	9250996	277114.2871585495	263649	NM	0.8375527426160337	0.827071
https://osu.ppy.sh/beatmaps/5255891	19389342	494172.1386612144	465947	NM	0.938412852969815	0.924445
https://osu.ppy.sh/beatmaps/5255891	13263918	456264.777775526	449014	NM	0.9328140214216164	0.929168
https://osu.ppy.sh/beatmaps/5118938	33887741	255040.59842866455	233034	HD	0.7903682719546742	0.76945
https://osu.ppy.sh/beatmaps/5118938	6436746	541035.9445739096	531730	HD	0.9084041548630784	0.903603
https://osu.ppy.sh/beatmaps/5118938	12760379	225893.82999921075	230493	NM	0.7792728989612843	0.783709
https://osu.ppy.sh/beatmaps/5118938	38075913	81770.61046000151	67845	NM	0.6000944287063267	0.560831
https://osu.ppy.sh/beatmaps/5118938	33635866	462395.06284751894	453887	NM	0.8751180358829084	0.870065
https://osu.ppy.sh/beatmaps/5118938	6443572	471829.79172476666	460351	NM	0.886685552407932	0.880106
https://osu.ppy.sh/beatmaps/5118938	1577171	297480.50802887767	272863	NM	0.8359301227573183	0.816645
https://osu.ppy.sh/beatmaps/5118938	15272879	534232.333144304	545096	HD	0.9183191690273843	0.923686
https://osu.ppy.sh/beatmaps/5118938	9910665	710379.9740886473	682237	HR	0.9516052880075543	0.939551
https://osu.ppy.sh/beatmaps/5118938	652599	891861.801855759	887394	HD	0.9773371104815864	0.9757
https://osu.ppy.sh/beatmaps/1625996	5090627	248769.66402082372	217062	NM	0.7828220858895706	0.75097
https://osu.ppy.sh/beatmaps/1625996	4917316	977708.7512978978	971160	NM	0.992638036809816	0.990392
https://osu.ppy.sh/beatmaps/1625996	25714199	472680.6468099019	478215	NM	0.8869120654396728	0.890019
https://osu.ppy.sh/beatmaps/1625996	3891023	997599.6268072852	993263	HD	0.9991820040899796	0.997729
https://osu.ppy.sh/beatmaps/1625996	23278729	540950.9226174445	521968	NM	0.8656441717791411	0.854558
https://osu.ppy.sh/beatmaps/1625996	17989594	289597.5522606902	271628	NM	0.8206543967280163	0.805925
https://osu.ppy.sh/beatmaps/1625996	9910665	992248.8313841263	983483	DT	0.9975460122699387	0.994585
https://osu.ppy.sh/beatmaps/1625996	19652466	793332.4036143717	792912	NM	0.9783231083844581	0.978164
https://osu.ppy.sh/beatmaps/1625996	1684413	990298.0355191543	983446	NM	0.9967280163599181	0.99441
https://osu.ppy.sh/beatmaps/1625996	34910465	343365.94837558316	334453	NM	0.8372188139059304	0.830731
https://osu.ppy.sh/beatmaps/5255892	35096050	203024.7141102005	185952	NM	0.78436706565107	0.766848
https://osu.ppy.sh/beatmaps/5255892	33298120	389798.42191300297	338687	NM	0.8917301414581066	0.859624
https://osu.ppy.sh/beatmaps/5255892	15272879	503631.16553747555	501214	HD	0.9514871236851651	0.95037
https://osu.ppy.sh/beatmaps/5255892	30734990	396693.9542261782	338157	HD	0.892999637286906	0.856191
https://osu.ppy.sh/beatmaps/5255892	16578923	485554.3498900463	473754	NM	0.9386108088501995	0.932843
https://osu.ppy.sh/beatmaps/5255892	9910665	591439.5177182268	581115	NM	0.9640914036996736	0.959644
https://osu.ppy.sh/beatmaps/5255892	31454981	115914.84389038399	89620	NM	0.6947769314472253	0.647752
https://osu.ppy.sh/beatmaps/5255892	9250996	508991.09817670623	495405	NM	0.9433260790714545	0.936845
https://osu.ppy.sh/beatmaps/4726892	14187582	645532.5532355873	621260	DTHD	0.9543439716312057	0.943744
https://osu.ppy.sh/beatmaps/4726892	8038420	988520.2203810087	970720	DTHD	0.9964539007092199	0.990387
https://osu.ppy.sh/beatmaps/4726892	9910665	994697.641113027	987273	NM	0.99822695035461	0.995727
https://osu.ppy.sh/beatmaps/4726892	16542109	582603.7320294111	577475	NM	0.9326241134751773	0.930214
https://osu.ppy.sh/beatmaps/4726892	12433859	957575.1231868087	936294	NM	0.9858156028368794	0.978281
https://osu.ppy.sh/beatmaps/4726892	36585450	933677.724864637	934430	NM	0.9787234042553191	0.978993
https://osu.ppy.sh/beatmaps/4726892	13598625	657118.9071174592	647724	NM	0.9707446808510638	0.966887
https://osu.ppy.sh/beatmaps/4726892	29052837	697178.2202482686	647347	NM	0.9406028368794326	0.918109
https://osu.ppy.sh/beatmaps/4726892	37272700	603363.1146703948	551118	NM	0.8980496453900709	0.870184
https://osu.ppy.sh/beatmaps/4726892	17688830	864904.494567198	874124	NM	0.9849290780141844	0.98825
https://osu.ppy.sh/beatmaps/5310178	39104496	246119.26338549267	221175	NM	0.7468553459119497	0.719012
https://osu.ppy.sh/beatmaps/5310178	39103412	184764.85541361605	148127	NM	0.6886792452830188	0.630617
https://osu.ppy.sh/beatmaps/5310178	38886202	716923.1234429994	680619	NM	0.9229559748427673	0.906173
https://osu.ppy.sh/beatmaps/5310178	27308021	826934.2488959008	800333	NM	0.9371069182389937	0.925926
https://osu.ppy.sh/beatmaps/5310178	39105549	296504.04734502855	264863	NM	0.7625786163522013	0.730864
https://osu.ppy.sh/beatmaps/5310178	30593251	960464.9969398587	957592	NM	0.9874213836477987	0.98642
https://osu.ppy.sh/beatmaps/5310178	35635347	945302.0566598936	929060	NM	0.9811320754716981	0.975309
https://osu.ppy.sh/beatmaps/5310178	38938453	458838.73832227546	395983	NM	0.8757861635220126	0.835802
https://osu.ppy.sh/beatmaps/5310178	36535927	651981.9846965726	558108	NM	0.8616352201257862	0.806173
https://osu.ppy.sh/beatmaps/4758822	9653041	610997.9848220539	613008	NM	0.9513761467889909	0.952256
https://osu.ppy.sh/beatmaps/4758822	35998860	865720.6558465208	864204	NM	0.9773700305810398	0.97681
https://osu.ppy.sh/beatmaps/4758822	18633882	738843.5690648258	740343	NM	0.9538226299694189	0.954439
https://osu.ppy.sh/beatmaps/4758822	7932874	643541.4097523501	649099	NM	0.9660550458715597	0.968353
https://osu.ppy.sh/beatmaps/4758822	24253461	593843.940756919	600437	NM	0.9229357798165138	0.926065
https://osu.ppy.sh/beatmaps/4758822	7718976	689726.6190080355	688965	NM	0.9724770642201835	0.972172
https://osu.ppy.sh/beatmaps/4758822	20633358	620855.1983697138	617128	NM	0.9373088685015291	0.935614
https://osu.ppy.sh/beatmaps/4758822	16841352	599757.2251628041	611377	HRHD	0.9532110091743119	0.958258
https://osu.ppy.sh/beatmaps/4758822	5575135	682172.9618024393	686280	NM	0.9773700305810398	0.978993
https://osu.ppy.sh/beatmaps/5118936	2295850	570013.0868378556	569395	NM	0.9563106796116505	0.956038
https://osu.ppy.sh/beatmaps/5118936	9991650	613397.5662252238	612572	NM	0.9639967637540453	0.963647
https://osu.ppy.sh/beatmaps/5118936	15272879	403216.8397695776	410816	HD	0.9019012944983819	0.906158
https://osu.ppy.sh/beatmaps/5118936	14599636	557255.4598416726	566401	NM	0.940331715210356	0.94454
https://osu.ppy.sh/beatmaps/5118936	9910665	575334.5693947701	575598	NM	0.9415453074433657	0.941666
https://osu.ppy.sh/beatmaps/5118936	3124647	389294.46577763377	394086	DT	0.8828883495145631	0.885766
https://osu.ppy.sh/beatmaps/5440237	5429513	753863.2636424762	756162	HD	0.9605263157894737	0.961449
https://osu.ppy.sh/beatmaps/5440237	37077167	716173.2672076053	716003	NM	0.956140350877193	0.95607
https://osu.ppy.sh/beatmaps/5440237	27942531	899844.8798623749	902660	NM	0.9846491228070176	0.985655
https://osu.ppy.sh/beatmaps/5440237	11124266	636984.7643876098	660275	DT	0.9100877192982456	0.921105
https://osu.ppy.sh/beatmaps/5440237	12108814	717894.0885629177	714376	HRHD	0.9539473684210527	0.952483
https://osu.ppy.sh/beatmaps/5440237	27631537	931724.3301403974	937455	HRHD	0.9890350877192983	0.991035
https://osu.ppy.sh/beatmaps/5440237	25018846	736979.3553657959	743405	NM	0.956140350877193	0.958759
https://osu.ppy.sh/beatmaps/5440237	32822955	791979.2369812215	770826	NM	0.9539473684210527	0.945311
https://osu.ppy.sh/beatmaps/5440237	13598625	751395.2252898274	729117	NM	0.956140350877193	0.946925
https://osu.ppy.sh/beatmaps/5440237	34757328	728003.494748665	737647	NM	0.9692982456140351	0.973104
https://osu.ppy.sh/beatmaps/5155806	21014416	249521.48564328073	183632	NM	0.7964169381107492	0.727595
https://osu.ppy.sh/beatmaps/5155806	38829492	656632.3334088579	647221	NM	0.9644408251900108	0.960506
https://osu.ppy.sh/beatmaps/5155806	14813209	587276.323327186	562936	NM	0.9476112920738328	0.936467
https://osu.ppy.sh/beatmaps/5155806	35584201	195350.72850731632	175988	NM	0.746471226927253	0.723283
https://osu.ppy.sh/beatmaps/5155806	31287381	256972.0739773871	219846	NM	0.7988599348534202	0.76346
https://osu.ppy.sh/beatmaps/5155806	1684413	969309.2365856832	939486	DT	0.98914223669924	0.978652
https://osu.ppy.sh/beatmaps/5155806	39062018	244545.36434690922	215569	NM	0.7833876221498371	0.75428
https://osu.ppy.sh/beatmaps/5155806	38014327	764725.6582200896	729703	NM	0.9595548317046688	0.945135
https://osu.ppy.sh/beatmaps/5155806	15272879	507829.3341833691	486447	DTHD	0.9318675352877307	0.921225
https://osu.ppy.sh/beatmaps/5155806	9910665	911384.7905729545	893433	DT	0.9685124864277959	0.961786
https://osu.ppy.sh/beatmaps/5053702	21429529	500432.642284348	500615	NM	0.9241598546775659	0.924251
https://osu.ppy.sh/beatmaps/5053702	9967157	531338.4582265941	542632	NM	0.9375567665758402	0.942849
https://osu.ppy.sh/beatmaps/5053702	10247163	429754.54268555104	435547	NM	0.9157584014532243	0.918827
https://osu.ppy.sh/beatmaps/5053702	2227229	397824.9264653983	410196	HD	0.8921435059037239	0.89926
https://osu.ppy.sh/beatmaps/5053702	12959435	959589.7178920591	945999	NM	0.9863760217983651	0.981596
https://osu.ppy.sh/beatmaps/5053702	8425747	434895.4066734654	429798	NM	0.8944141689373297	0.891511
https://osu.ppy.sh/beatmaps/5053702	30466117	483562.16590237396	488183	NM	0.9248410535876476	0.927157
https://osu.ppy.sh/beatmaps/5053702	9712974	700810.3652159743	697271	HR	0.9752497729336966	0.973846
https://osu.ppy.sh/beatmaps/5053702	14880747	498096.80359559495	459634	NM	0.9044050862851952	0.88318
https://osu.ppy.sh/beatmaps/5470474	30741888	1000000.0	1000000	HRHD	1.0	1.0
https://osu.ppy.sh/beatmaps/5470474	5040303	991234.4788312707	992804	HRDTHD	0.9970631424375918	0.997591
https://osu.ppy.sh/beatmaps/5470474	16850378	982549.2213032192	978583	HR	0.9941262848751835	0.992775
https://osu.ppy.sh/beatmaps/5470474	32452927	957010.385465134	957677	HR	0.9853157121879589	0.985549
https://osu.ppy.sh/beatmaps/5470474	33900494	971817.8258660174	976821	HR	0.9904552129221733	0.992172
https://osu.ppy.sh/beatmaps/5470474	13344661	940396.2952508559	944017	HRDT	0.9794419970631424	0.980732
https://osu.ppy.sh/beatmaps/5470474	3891023	1000000.0	1000000	HRNCHD	1.0	1.0
https://osu.ppy.sh/beatmaps/5470474	9250996	880936.5078029461	836433	DTHD	0.9574155653450808	0.939788
https://osu.ppy.sh/beatmaps/5470474	24855707	1000000.0	1000000	NM	1.0	1.0
https://osu.ppy.sh/beatmaps/5146596	39090187	247165.9908848281	219573	NM	0.7817109144542773	0.754078
https://osu.ppy.sh/beatmaps/5146596	39074441	624237.4803439919	597036	NM	0.9196165191740413	0.906386
https://osu.ppy.sh/beatmaps/5146596	9250996	976359.2524434326	929823	HRDTHD	0.9911504424778761	0.97473
https://osu.ppy.sh/beatmaps/5146596	34629006	956340.1622943354	846319	HR	0.9845132743362832	0.943143
https://osu.ppy.sh/beatmaps/5146596	30324074	307371.3123726748	259354	NM	0.7905604719764012	0.745348
https://osu.ppy.sh/beatmaps/5146596	38897731	740413.3392839889	699531	NM	0.9668141592920354	0.950034
https://osu.ppy.sh/beatmaps/5146596	28804181	1001990.0	1001990	NM	1.0	1.0
https://osu.ppy.sh/beatmaps/5146596	19342030	275829.57354486326	213560	NM	0.7971976401179941	0.735355
https://osu.ppy.sh/beatmaps/5072419	29039937	608296.4823953566	505686	HD	0.9150563607085346	0.860151
https://osu.ppy.sh/beatmaps/5072419	36593680	660579.1516767237	619465	NM	0.965378421900161	0.947837
https://osu.ppy.sh/beatmaps/5072419	4624579	615033.805642194	604789	NM	0.964170692431562	0.959805
https://osu.ppy.sh/beatmaps/5072419	962257	570962.7422537685	534593	NM	0.9420289855072463	0.924795
https://osu.ppy.sh/beatmaps/5072419	22990077	555378.346433746	545470	NM	0.9516908212560387	0.947197
https://osu.ppy.sh/beatmaps/5072419	6436746	632758.1184977449	560080	HD	0.9440418679549114	0.909754
https://osu.ppy.sh/beatmaps/5072419	37764036	444771.21935376246	450938	NM	0.9106280193236715	0.913915
https://osu.ppy.sh/beatmaps/5072419	34032227	610809.1655632548	588448	NM	0.9367954911433173	0.926395
https://osu.ppy.sh/beatmaps/5072419	38655422	576072.1593199064	513252	NM	0.927133655394525	0.895353
https://osu.ppy.sh/beatmaps/5072419	27917746	818364.6617069852	811172	NM	0.9879227053140096	0.985279
https://osu.ppy.sh/beatmaps/5396697	3819901	1000000.0	1000000	PFHD	1.0	1.0
https://osu.ppy.sh/beatmaps/5396697	37353849	980285.2283341528	976352	NM	0.9933554817275747	0.992012
https://osu.ppy.sh/beatmaps/5396697	23831024	714024.2708729336	704670	NM	0.9410299003322259	0.936981
https://osu.ppy.sh/beatmaps/5396697	29260832	773866.068222583	773480	NM	0.9437984496124031	0.943638
https://osu.ppy.sh/beatmaps/5396697	19387641	794044.8238952886	751289	NM	0.9485049833887044	0.930546
https://osu.ppy.sh/beatmaps/5396697	25806783	977042.1183296181	968608	NM	0.9922480620155039	0.989349
https://osu.ppy.sh/beatmaps/5396697	39083618	815186.0075123962	774061	NM	0.95874861572536	0.942085
https://osu.ppy.sh/beatmaps/5396697	5446997	791933.2504243893	742598	NM	0.9728682170542635	0.953269
https://osu.ppy.sh/beatmaps/5396697	15272879	944942.0430657266	921264	DTHD	0.9814507198228128	0.972929
https://osu.ppy.sh/beatmaps/5396697	30968581	947602.7719457702	898391	NM	0.9820044296788483	0.964053
https://osu.ppy.sh/beatmaps/5468293	30182875	331898.41438334715	322722	NM	0.8431372549019608	0.836509
https://osu.ppy.sh/beatmaps/5468293	9910665	712329.543427048	714699	NM	0.9526854219948849	0.953673
https://osu.ppy.sh/beatmaps/5468293	11298028	205711.77015872754	180506	NM	0.7446717817561808	0.714339
https://osu.ppy.sh/beatmaps/5468293	5040303	728129.051879768	710380	NM	0.9752770673486786	0.968243
https://osu.ppy.sh/beatmaps/5468293	14929095	467929.7207633377	429905	NM	0.9040920716112532	0.882687
https://osu.ppy.sh/beatmaps/5468293	22737645	562623.1036291919	559371	NM	0.9484228473998295	0.946948
https://osu.ppy.sh/beatmaps/5468293	37534185	250739.4003520956	246322	NM	0.8017902813299232	0.797878
https://osu.ppy.sh/beatmaps/5468293	23350682	581958.7708799397	580814	NM	0.9526854219948849	0.952178
https://osu.ppy.sh/beatmaps/5468293	37075220	237186.32203059428	229539	NM	0.7766410912190963	0.76911
https://osu.ppy.sh/beatmaps/5468293	7260247	407438.03980465664	380302	NM	0.8785166240409207	0.861541
https://osu.ppy.sh/beatmaps/4732075	11932969	623563.4361167761	621351	NM	0.9106699751861043	0.909594
https://osu.ppy.sh/beatmaps/4732075	7039266	711129.1224691414	708942	NM	0.9768403639371381	0.975981
https://osu.ppy.sh/beatmaps/4732075	31641461	756105.039853561	742680	NM	0.9818031430934657	0.976648
https://osu.ppy.sh/beatmaps/4732075	17176754	605459.8315732386	621956	NM	0.9623655913978495	0.969309
https://osu.ppy.sh/beatmaps/4732075	2749019	804783.1184565353	799104	HR	0.9900744416873449	0.98799
https://osu.ppy.sh/beatmaps/4732075	37359878	647297.805384185	650872	NM	0.9735318444995864	0.97498
https://osu.ppy.sh/beatmaps/4732075	13828572	990128.1918871359	988070	NM	0.9966914805624483	0.995997
https://osu.ppy.sh/beatmaps/4732075	12804664	841343.4119028067	836918	HD	0.9859387923904053	0.984321
https://osu.ppy.sh/beatmaps/4732075	3500708	980365.4395719285	976299	NM	0.9933829611248967	0.991994
https://osu.ppy.sh/beatmaps/3348625	38997782	595621.1627050922	536653	NM	0.863349131121643	0.828518
https://osu.ppy.sh/beatmaps/3348625	38817990	335622.45705773786	276096	NM	0.8199052132701422	0.769556
https://osu.ppy.sh/beatmaps/3348625	13344661	963262.9116952622	946177	HRDT	0.9873617693522907	0.981361
https://osu.ppy.sh/beatmaps/3348625	7274162	635237.520529118	573382	DT	0.9518167456556083	0.923579
https://osu.ppy.sh/beatmaps/3348625	35183345	495279.92046100146	480613	NM	0.9135071090047393	0.905809
https://osu.ppy.sh/beatmaps/3348625	3819901	1000490.0	1000490	HRPFDTHD	1.0	1.0
https://osu.ppy.sh/beatmaps/3348625	8202576	1000530.0	1000530	PF	1.0	1.0
https://osu.ppy.sh/beatmaps/3348625	9910665	934814.4672544483	871539	HRDT	0.9897314375987362	0.96676
https://osu.ppy.sh/beatmaps/3348625	9899620	610887.2904888244	522794	NM	0.9281200631911533	0.883442
https://osu.ppy.sh/beatmaps/3348625	19559742	527492.148203428	426861	NM	0.9182464454976303	0.862069
https://osu.ppy.sh/beatmaps/5472000	39075174	769200.0444170191	628524	HR	0.9162790697674419	0.845884
https://osu.ppy.sh/beatmaps/5472000	38961069	817646.30186744	775185	HR	0.9364341085271318	0.918272
https://osu.ppy.sh/beatmaps/5472000	5040303	1000040.0	1000040	HRDTHD	1.0	1.0
https://osu.ppy.sh/beatmaps/5472000	35892026	874514.8417570639	852765	NM	0.9674418604651163	0.959136
https://osu.ppy.sh/beatmaps/5472000	37926986	662346.608134121	590739	NM	0.9364341085271318	0.90251
https://osu.ppy.sh/beatmaps/5472000	9910665	954711.3206660724	919794	HRDT	0.9844961240310077	0.971979
https://osu.ppy.sh/beatmaps/5472000	8038420	763694.5379594797	717997	HRDTHD	0.9666666666666667	0.948044
https://osu.ppy.sh/beatmaps/5472000	36413924	736100.8458552961	640753	NM	0.9426356589147287	0.899008
https://osu.ppy.sh/beatmaps/5472000	9250996	788302.6013666061	706099	DTHD	0.9813953488372092	0.948628
https://osu.ppy.sh/beatmaps/5472000	36765985	891185.7800346124	876444	NM	0.9658914728682171	0.960304
https://osu.ppy.sh/beatmaps/5215466	24142890	436726.6976889411	361741	NM	0.9078726968174204	0.86326
https://osu.ppy.sh/beatmaps/5215466	35101365	580232.7650026722	487646	NM	0.9530988274706867	0.908474
https://osu.ppy.sh/beatmaps/5215466	5247860	472106.2280205552	399712	NM	0.8914014517029593	0.847364
https://osu.ppy.sh/beatmaps/5215466	24065752	694810.523234335	616818	NM	0.9676158570630933	0.934063
https://osu.ppy.sh/beatmaps/5215466	14580297	486200.81322693184	491707	NM	0.9262981574539364	0.92904
https://osu.ppy.sh/beatmaps/5215466	38218377	339618.6963113539	215033	NM	0.8657174762702401	0.763727
https://osu.ppy.sh/beatmaps/5215466	21369159	359898.1009988852	318848	NM	0.8590173087660525	0.830095
https://osu.ppy.sh/beatmaps/5215466	35167208	646221.8563338716	585261	NM	0.9659408151870463	0.939362
https://osu.ppy.sh/beatmaps/5215466	37272700	498241.74415981025	371971	NM	0.9271356783919598	0.854939
https://osu.ppy.sh/beatmaps/5345468	9791892	935052.2501639624	943597	NM	0.9775280898876404	0.980583
https://osu.ppy.sh/beatmaps/5345468	11659029	935776.6172537436	930158	NM	0.9906367041198502	0.988673
https://osu.ppy.sh/beatmaps/5345468	13480282	839125.9606537226	843941	NM	0.9625468164794008	0.964401
https://osu.ppy.sh/beatmaps/5345468	7969090	745550.7531041068	760648	HRHD	0.9550561797752809	0.961165
https://osu.ppy.sh/beatmaps/5345468	5717619	988832.7310833791	990343	NM	0.9962546816479401	0.996764
https://osu.ppy.sh/beatmaps/5345468	15520572	846775.1472534672	853054	NM	0.9831460674157303	0.985437
https://osu.ppy.sh/beatmaps/5345468	14109662	865789.1588646786	863902	NM	0.9812734082397003	0.980583
https://osu.ppy.sh/beatmaps/5345468	11315329	854990.6238593627	864586	HR	0.9737827715355806	0.977346
https://osu.ppy.sh/beatmaps/5345468	14182048	945540.27046835	943597	HD	0.9812734082397003	0.980583
https://osu.ppy.sh/beatmaps/5091736	38297705	382447.4588817661	330693	NM	0.8882222222222222	0.855112
https://osu.ppy.sh/beatmaps/5091736	31641461	466763.54677750997	416450	NM	0.9224444444444444	0.895249
https://osu.ppy.sh/beatmaps/5091736	9379821	769826.2181749	760459	NM	0.9773333333333334	0.973724
https://osu.ppy.sh/beatmaps/5091736	36386811	516571.56138559146	471326	NM	0.9324444444444444	0.909533
https://osu.ppy.sh/beatmaps/5091736	37248413	162414.84794523835	143056	NM	0.7297777777777777	0.703629
https://osu.ppy.sh/beatmaps/5091736	9910665	669773.5613013469	661129	NM	0.9742222222222222	0.970726
https://osu.ppy.sh/beatmaps/5091736	35685412	415282.745610815	367803	NM	0.8913333333333333	0.862166
https://osu.ppy.sh/beatmaps/5395445	38670462	171387.10449017602	164037	NM	0.7326998050682261	0.723423
https://osu.ppy.sh/beatmaps/5395445	38212751	316115.78850692586	293220	NM	0.8216374269005848	0.803268
https://osu.ppy.sh/beatmaps/5395445	11936489	540751.6088762262	538597	NM	0.9286062378167641	0.927563
https://osu.ppy.sh/beatmaps/5395445	38606274	158853.69466493098	175960	NM	0.7207602339181286	0.742108
https://osu.ppy.sh/beatmaps/5395445	28342040	296955.51583238976	300460	NM	0.8194444444444444	0.8222
https://osu.ppy.sh/beatmaps/5395445	17573874	510394.8200696807	517592	NM	0.9000974658869396	0.903898
https://osu.ppy.sh/beatmaps/5395445	10260226	371789.7040595693	352604	NM	0.8711013645224172	0.858625
https://osu.ppy.sh/beatmaps/5395445	13289058	605434.3404176355	590865	NM	0.9480994152046783	0.941557
https://osu.ppy.sh/beatmaps/5395445	38270571	271271.6156023585	297764	NM	0.820906432748538	0.841338
https://osu.ppy.sh/beatmaps/5395445	30182875	436912.2342542636	433409	NM	0.89546783625731	0.893485
https://osu.ppy.sh/beatmaps/5255893	27690090	382538.54852728074	334304	NM	0.8673444686516582	0.83452
https://osu.ppy.sh/beatmaps/5255893	15646039	958623.6019879153	935989	NM	0.9889857177438877	0.981027
https://osu.ppy.sh/beatmaps/5255893	28808107	496057.9003911072	464758	NM	0.9219317356572259	0.905627
https://osu.ppy.sh/beatmaps/5255893	7274162	124253.38061622554	98537	DT	0.696562575647543	0.6521
https://osu.ppy.sh/beatmaps/5255893	38165736	199872.7182401736	158238	NM	0.7739046235778262	0.726131
https://osu.ppy.sh/beatmaps/5255893	36478510	126770.17134804212	98994	NM	0.7099975792786251	0.664464
https://osu.ppy.sh/beatmaps/5255893	15272879	920074.2946953883	906663	HD	0.986080852093924	0.981293
https://osu.ppy.sh/beatmaps/5255893	16451978	326067.8824578071	276681	NM	0.8595981602517551	0.823296
https://osu.ppy.sh/beatmaps/1625999	38993328	441887.6675626738	385250	NM	0.8869047619047619	0.851895
https://osu.ppy.sh/beatmaps/1625999	27308021	761253.5700984402	712260	NM	0.9662698412698413	0.946205
https://osu.ppy.sh/beatmaps/1625999	38642126	1000948.788670345	982246	HRDT	1.0	0.9937
https://osu.ppy.sh/beatmaps/1625999	35690748	463186.5786419215	433404	NM	0.8670634920634921	0.848502
https://osu.ppy.sh/beatmaps/1625999	28804181	1000890.0	1000890	NM	1.0	1.0
https://osu.ppy.sh/beatmaps/1625999	13344661	969757.669744344	977986	HRDT	0.9894179894179894	0.992246
https://osu.ppy.sh/beatmaps/1625999	35556746	709019.4165758674	626307	NM	0.9484126984126984	0.911021
https://osu.ppy.sh/beatmaps/1625999	20500363	612875.6509801052	595193	NM	0.9477513227513228	0.939808
https://osu.ppy.sh/beatmaps/1625999	38994672	279084.60622900847	248140	NM	0.78505291005291	0.755452
https://osu.ppy.sh/beatmaps/1625999	24435836	1000840.0	1000840	NM	1.0	1.0
https://osu.ppy.sh/beatmaps/4722152	38929279	973812.4206449381	955334	NM	0.991140642303433	0.984728
https://osu.ppy.sh/beatmaps/4722152	33883662	556940.848674309	473228	NM	0.9147286821705426	0.869325
https://osu.ppy.sh/beatmaps/4722152	38792950	409072.4070124004	391834	NM	0.8809523809523809	0.870398
https://osu.ppy.sh/beatmaps/4722152	3819901	1000000.0	1000000	PFHD	1.0	1.0
https://osu.ppy.sh/beatmaps/4722152	38659277	523895.3868343099	409979	NM	0.9285714285714286	0.865858
https://osu.ppy.sh/beatmaps/4722152	39081920	437844.80691151856	472385	NM	0.9180509413067552	0.935612
https://osu.ppy.sh/beatmaps/4722152	34802225	458946.44967943896	368927	NM	0.9031007751937985	0.848522
https://osu.ppy.sh/beatmaps/4722152	35180563	961004.7275273013	915133	NM	0.9867109634551495	0.970282
https://osu.ppy.sh/beatmaps/4722152	8038420	660732.1977049226	629985	DTHD	0.9623477297895903	0.949232
https://osu.ppy.sh/beatmaps/4722152	5040303	807451.5815270864	773650	DT	0.9767441860465116	0.963678
https://osu.ppy.sh/beatmaps/5453447	3891023	1000788.5461066938	996894	HRNCHD	1.0	0.998699
https://osu.ppy.sh/beatmaps/5453447	39089111	491532.9500477259	460484	NM	0.8741582491582491	0.855553
https://osu.ppy.sh/beatmaps/5453447	21958172	989696.7872359764	988391	HRHD	0.9962121212121212	0.995771
https://osu.ppy.sh/beatmaps/5453447	32516099	408100.6282769887	466727	NM	0.8451178451178452	0.881385
https://osu.ppy.sh/beatmaps/5453447	39105943	286366.1119956202	248748	NM	0.789983164983165	0.754376
https://osu.ppy.sh/beatmaps/5453447	37702754	767509.1605404799	630397	NM	0.9301346801346801	0.864012
https://osu.ppy.sh/beatmaps/5453447	18427308	360668.59835397755	301142	NM	0.8312289562289562	0.783981
https://osu.ppy.sh/beatmaps/5453447	9297475	931787.6399895374	911747	HR	0.9776936026936027	0.970395
https://osu.ppy.sh/beatmaps/5453447	38674996	654413.5466058773	541846	NM	0.9267676767676768	0.869543
https://osu.ppy.sh/beatmaps/5278314	28437546	706001.7670912622	680420	DTHD	0.9564971751412429	0.945682
https://osu.ppy.sh/beatmaps/5278314	19944262	701686.2376807558	699073	NM	0.9598870056497175	0.958809
https://osu.ppy.sh/beatmaps/5278314	15323128	791901.5899534121	781619	NM	0.9830508474576272	0.979178
https://osu.ppy.sh/beatmaps/5278314	33564586	745415.5178390015	723973	HD	0.9559322033898305	0.94704
https://osu.ppy.sh/beatmaps/5278314	20109511	909147.9923362874	910271	NM	0.9728813559322034	0.973293
https://osu.ppy.sh/beatmaps/5278314	11043592	960230.5050615715	927087	NM	0.9864406779661017	0.974651
https://osu.ppy.sh/beatmaps/5278314	3214185	573108.0625661975	516946	NM	0.8988700564971751	0.868278
https://osu.ppy.sh/beatmaps/5278314	38238515	721546.524804329	729573	NM	0.9751412429378531	0.978273
https://osu.ppy.sh/beatmaps/5278314	6436746	979888.5490911161	947291	HD	0.9932203389830508	0.981894
https://osu.ppy.sh/beatmaps/5278314	28958003	541148.3848411312	531771	NM	0.9231638418079096	0.918523
https://osu.ppy.sh/beatmaps/5471947	3819901	1000000.0	1000000	HRPFDTHD	1.0	1.0
https://osu.ppy.sh/beatmaps/5471947	18830222	1000000.0	1000000	HRDTHDFL	1.0	1.0
https://osu.ppy.sh/beatmaps/5471947	22815645	929371.9866136624	864668	HRDT	0.9773462783171522	0.953069
https://osu.ppy.sh/beatmaps/5471947	8202576	1000000.0	1000000	PF	1.0	1.0
https://osu.ppy.sh/beatmaps/5471947	38939040	1000000.0	1000000	NM	1.0	1.0
https://osu.ppy.sh/beatmaps/5471947	9250996	980789.0038367352	957706	HRDTHD	0.9935275080906149	0.98556
https://osu.ppy.sh/beatmaps/5471947	38653324	873886.5455178516	863571	NM	0.9546925566343042	0.950662
https://osu.ppy.sh/beatmaps/5471947	28958003	999998.9023922125	940678	NM	1.0	0.979543
https://osu.ppy.sh/beatmaps/5471947	36413924	943595.1257054564	904405	NM	0.9805825242718447	0.966306
https://osu.ppy.sh/beatmaps/5240907	4800008	274708.59124314	268926	NM	0.8020603384841796	0.797064
https://osu.ppy.sh/beatmaps/5240907	10525269	451517.52136944025	438050	HD	0.9104120676968359	0.903103
https://osu.ppy.sh/beatmaps/5240907	21755999	468212.50149458175	473365	NM	0.9142752023546725	0.916959
https://osu.ppy.sh/beatmaps/5240907	26049660	403913.6352071817	403413	NM	0.8657100809418691	0.865395
https://osu.ppy.sh/beatmaps/5240907	18308265	485873.45810204744	482273	NM	0.9129874908020603	0.911107
https://osu.ppy.sh/beatmaps/5240907	3891023	736569.3931765831	738051	HD	0.9915378955114055	0.992091
https://osu.ppy.sh/beatmaps/5240907	22737645	533329.7828862967	540277	DT	0.9359823399558499	0.939262
https://osu.ppy.sh/beatmaps/5240907	10094304	635335.0302985865	619115	NM	0.9426048565121413	0.935307
https://osu.ppy.sh/beatmaps/5240907	9645837	352175.43783404515	353279	DTHD	0.8719646799116998	0.872671
https://osu.ppy.sh/beatmaps/1625995	4917316	999999.3166285101	986281	NM	1.0	0.995392
https://osu.ppy.sh/beatmaps/1625995	12694340	975344.84807241	910038	DTHD	0.9916666666666667	0.9684
https://osu.ppy.sh/beatmaps/1625995	15272879	985828.2355925433	958212	DTHD	0.9952380952380953	0.985736
https://osu.ppy.sh/beatmaps/1625995	38829492	968557.5993245678	973510	NM	0.9901785714285715	0.991881
https://osu.ppy.sh/beatmaps/1625995	8020228	810146.3790906946	758418	NM	0.9830357142857142	0.963134
https://osu.ppy.sh/beatmaps/1625995	30986429	649579.863230895	599069	NM	0.9607142857142857	0.9386
https://osu.ppy.sh/beatmaps/1625995	38023553	833417.8467055196	824606	NM	0.9613095238095238	0.957867
https://osu.ppy.sh/beatmaps/1625995	21380709	965624.6964147234	947542	NM	0.9889880952380953	0.982664
https://osu.ppy.sh/beatmaps/1625995	7274162	824973.0555977137	749788	DT	0.9755952380952381	0.945798
https://osu.ppy.sh/beatmaps/1625995	22945199	940458.6733717006	844209	NM	0.9794642857142857	0.942945
https://osu.ppy.sh/beatmaps/5255894	39093152	142761.18125468693	102427	NM	0.7248134328358209	0.661669
https://osu.ppy.sh/beatmaps/5255894	36144991	364480.25864928134	301704	NM	0.8686256218905473	0.824434
https://osu.ppy.sh/beatmaps/5255894	17123731	327363.6302577405	277237	NM	0.8404850746268657	0.801209
https://osu.ppy.sh/beatmaps/5255894	38061678	246684.2538400587	180029	NM	0.8111007462686567	0.744908
https://osu.ppy.sh/beatmaps/5255894	39062018	200708.01863019547	164297	NM	0.7784514925373134	0.738078
https://osu.ppy.sh/beatmaps/5255894	34321603	345658.1379235122	266794	NM	0.8485696517412935	0.78636
https://osu.ppy.sh/beatmaps/5255894	32567092	314706.05567529827	264163	NM	0.8456156716417911	0.806158
https://osu.ppy.sh/beatmaps/5255894	30297830	242006.68634588283	203803	NM	0.8003731343283582	0.763373
https://osu.ppy.sh/beatmaps/5255894	24927966	232840.91740469018	207638	NM	0.8019278606965174	0.778103
https://osu.ppy.sh/beatmaps/5255894	9910665	958910.471054116	957124	DT	0.9869402985074627	0.986317
https://osu.ppy.sh/beatmaps/5470469	15272879	1000150.7295023543	988953	HRDTHD	1.0	0.996244
https://osu.ppy.sh/beatmaps/5470469	15466128	928540.4887495658	850813	HRNCHD	0.9751243781094527	0.94554
https://osu.ppy.sh/beatmaps/5470469	6807765	1000250.0	1000250	HRDTHD	1.0	1.0
https://osu.ppy.sh/beatmaps/5470469	36127437	1000038.3483280889	956081	HR	1.0	0.984977
https://osu.ppy.sh/beatmaps/5470469	3819901	1000250.0	1000250	HRPFDTHD	1.0	1.0
https://osu.ppy.sh/beatmaps/5470469	27058879	1000250.0	1000250	HRNCHDFL	1.0	1.0
https://osu.ppy.sh/beatmaps/5470469	3891023	1000150.0	1000150	HRNCHD	1.0	1.0
https://osu.ppy.sh/beatmaps/5470469	5040303	1000251.2885554002	967075	HRDTHD	1.0	0.988732
https://osu.ppy.sh/beatmaps/5470469	37748122	1000250.0	1000250	HR	1.0	1.0
https://osu.ppy.sh/beatmaps/5470469	9250996	1000200.9681197819	977945	HRDTHD	1.0	0.992488
https://osu.ppy.sh/beatmaps/5395106	34321603	263601.04750457883	213125	NM	0.7202380952380952	0.656621
https://osu.ppy.sh/beatmaps/5395106	9164810	606831.2677437972	581089	NM	0.9067460317460317	0.893688
https://osu.ppy.sh/beatmaps/5395106	39081920	208261.70956503614	226442	NM	0.7430555555555556	0.762598
https://osu.ppy.sh/beatmaps/5395106	37736611	481073.39335612254	430920	NM	0.8591269841269841	0.82672
https://osu.ppy.sh/beatmaps/5395106	34078128	189480.53335674322	154744	NM	0.6765873015873016	0.620291
https://osu.ppy.sh/beatmaps/5395106	31981432	210637.33893125918	191452	NM	0.6984126984126984	0.672192
https://osu.ppy.sh/beatmaps/5395106	38106114	284466.03706887807	274079	NM	0.7688492063492064	0.758915
https://osu.ppy.sh/beatmaps/5395106	8523997	536354.189159058	531368	DT	0.8938492063492064	0.891177
https://osu.ppy.sh/beatmaps/5395106	37226247	148672.21018114433	131412	NM	0.6041666666666666	0.567554
https://osu.ppy.sh/beatmaps/5118935	12646484	963990.3283751041	960939	HD	0.9868247694334651	0.98576
https://osu.ppy.sh/beatmaps/5118935	35026776	436661.3885164575	441491	NM	0.9064558629776021	0.909081
https://osu.ppy.sh/beatmaps/5118935	7174350	315080.56431661994	301203	NM	0.8323451910408433	0.821722
https://osu.ppy.sh/beatmaps/5118935	20984877	279464.790035237	245444	NM	0.7944664031620553	0.762679
https://osu.ppy.sh/beatmaps/5118935	36709312	440346.5800700556	423982	NM	0.8843873517786561	0.874685
https://osu.ppy.sh/beatmaps/5118935	38372651	349950.9716079942	345245	NM	0.8580368906455863	0.854858
https://osu.ppy.sh/beatmaps/5118935	35254967	310908.81430646026	284638	NM	0.822463768115942	0.801183
https://osu.ppy.sh/beatmaps/5118935	20130025	478120.5998120633	475984	NM	0.9140316205533597	0.912915
https://osu.ppy.sh/beatmaps/5118935	6436746	642725.3932633685	640075	HD	0.9515810276679841	0.950433
https://osu.ppy.sh/beatmaps/5449036	11190159	273215.0341441404	328657	NM	0.7875243664717348	0.832507
https://osu.ppy.sh/beatmaps/5449036	25347927	304707.0443138995	296405	NM	0.7504873294346979	0.742376
https://osu.ppy.sh/beatmaps/5449036	24253461	358277.23838576616	422134	HR	0.8362573099415205	0.877873
https://osu.ppy.sh/beatmaps/5449036	9910665	452167.7805787965	480902	HT	0.8947368421052632	0.91032
https://osu.ppy.sh/beatmaps/5449036	16078936	274035.5774770756	290767	NM	0.7573099415204678	0.773171
https://osu.ppy.sh/beatmaps/5449036	21998858	373924.60695942846	405098	NM	0.8323586744639376	0.853538
https://osu.ppy.sh/beatmaps/5449036	13598625	218838.115360554	245655	NM	0.7524366471734892	0.77948
https://osu.ppy.sh/beatmaps/5449036	15723870	120281.09491497512	148312	NM	0.6432748538011696	0.690251
https://osu.ppy.sh/beatmaps/5449036	5219011	262393.0173437542	293963	NM	0.7894736842105263	0.816284
https://osu.ppy.sh/beatmaps/5449036	4225643	469365.2130512664	481333	NM	0.8713450292397661	0.878324
https://osu.ppy.sh/beatmaps/5116028	39041708	137687.11869019776	123746	NM	0.6834451901565995	0.66028
https://osu.ppy.sh/beatmaps/5116028	38013248	545137.0215815846	473661	NM	0.8982102908277405	0.857785
https://osu.ppy.sh/beatmaps/5116028	36543625	776322.152112666	727820	NM	0.9735272184936614	0.954172
https://osu.ppy.sh/beatmaps/5116028	34526375	72986.82812492695	70860	NM	0.5980611483967189	0.592336
https://osu.ppy.sh/beatmaps/5116028	36429627	259391.16782918654	225173	NM	0.7815063385533184	0.747265
https://osu.ppy.sh/beatmaps/5116028	38074630	297867.0382866883	245220	NM	0.814317673378076	0.767548
https://osu.ppy.sh/beatmaps/5116028	39101247	442655.9081221916	435361	NM	0.9116331096196868	0.907693
https://osu.ppy.sh/beatmaps/5116028	38470965	477801.35808850883	436697	NM	0.8732289336316182	0.847969
https://osu.ppy.sh/beatmaps/5116028	23431983	464870.60893224564	398335	NM	0.9008202833706189	0.861569
https://osu.ppy.sh/beatmaps/4758887	20633358	599858.5121426902	598656	NM	0.9295499021526419	0.928987
https://osu.ppy.sh/beatmaps/4758887	13627680	632264.593700192	631170	NM	0.9458577951728636	0.945375
https://osu.ppy.sh/beatmaps/4758887	3020145	707389.3365503488	699842	NM	0.9634703196347032	0.960382
https://osu.ppy.sh/beatmaps/4758887	4225643	690125.9649526454	678590	NM	0.9667318982387475	0.962003
https://osu.ppy.sh/beatmaps/4758887	30826405	693782.1722110137	671692	NM	0.9644487932159165	0.955279
https://osu.ppy.sh/beatmaps/4758887	2749019	627254.3299527444	627904	HR	0.958904109589041	0.959181
https://osu.ppy.sh/beatmaps/4758887	15272879	766362.9974817364	759938	HTHRHD	0.9712981082844097	0.968786
https://osu.ppy.sh/beatmaps/4758887	10553669	288779.290931905	280267	NM	0.7987606001304631	0.791404
https://osu.ppy.sh/beatmaps/4758887	15520989	459319.5021174896	455538	NM	0.9018264840182648	0.899754
https://osu.ppy.sh/beatmaps/5464553	12021724	1000450.7080185055	987285	HR	1.0	0.995579
https://osu.ppy.sh/beatmaps/5464553	9499868	841168.6481962653	677526	DTHD	0.9415204678362573	0.866269
https://osu.ppy.sh/beatmaps/5464553	38953551	982806.8399756597	987015	NM	0.9941520467836257	0.995579
https://osu.ppy.sh/beatmaps/5464553	14232585	965917.4893120278	924180	DT	0.9883040935672515	0.973475
https://osu.ppy.sh/beatmaps/5464553	13627680	965817.4893120278	924080	DTHD	0.9883040935672515	0.973475
https://osu.ppy.sh/beatmaps/5464553	9910665	940575.0633467184	924746	DT	0.9824561403508771	0.97679
https://osu.ppy.sh/beatmaps/5464553	3819901	1000400.0	1000400	HRPFHD	1.0	1.0
https://osu.ppy.sh/beatmaps/5464553	1905380	949181.8746134114	933303	HR	0.9824561403508771	0.97679
https://osu.ppy.sh/beatmaps/5464553	15272879	855841.6888159532	844443	HD	0.9853801169590644	0.981211
https://osu.ppy.sh/beatmaps/5455001	38516831	779948.0288094236	774949	NM	0.982583065380493	0.980696
https://osu.ppy.sh/beatmaps/5455001	31739545	826284.1083462788	823037	NM	0.992497320471597	0.991324
https://osu.ppy.sh/beatmaps/5455001	17176754	743263.8072779287	744475	NM	0.9839228295819936	0.984383
https://osu.ppy.sh/beatmaps/5455001	34084617	809188.1841379878	791324	NM	0.984994640943194	0.97831
https://osu.ppy.sh/beatmaps/5455001	33348598	779852.8475453611	768997	DT	0.9796355841371919	0.97549
https://osu.ppy.sh/beatmaps/5455001	14839269	928268.7376247195	903444	NM	0.97508038585209	0.965947
https://osu.ppy.sh/beatmaps/5455001	37762830	940938.7102357765	924620	NM	0.9796355841371919	0.973755
https://osu.ppy.sh/beatmaps/5455001	38815900	789973.3688837525	787895	NM	0.9903536977491961	0.989589
https://osu.ppy.sh/beatmaps/5118937	38989111	512806.49403383577	474631	HR	0.8562176165803109	0.832357
https://osu.ppy.sh/beatmaps/5118937	22195596	307558.7204709868	281334	NM	0.8203799654576857	0.798929
https://osu.ppy.sh/beatmaps/5118937	35134735	412987.33612516243	413670	NM	0.8652849740932642	0.865712
https://osu.ppy.sh/beatmaps/5118937	11943666	986089.5907700161	954993	HRSDHD	0.9948186528497409	0.984082
https://osu.ppy.sh/beatmaps/5118937	39073807	302689.8216754011	273190	NM	0.7750431778929189	0.746907
https://osu.ppy.sh/beatmaps/5118937	15272879	939117.4129309256	914484	DTHD	0.9792746113989638	0.970335
https://osu.ppy.sh/beatmaps/5118937	13344661	950901.4277026977	926413	HRDT	0.9827288428324698	0.973953
https://osu.ppy.sh/beatmaps/5118937	37246686	973268.4894025085	961010	NM	0.9905008635578584	0.986253
https://osu.ppy.sh/beatmaps/5118937	37482283	266056.8701702429	230779	NM	0.7957685664939551	0.762318
https://osu.ppy.sh/beatmaps/5445671	13627680	1000340.0819487293	982128	HRDTHD	1.0	0.993867
https://osu.ppy.sh/beatmaps/5445671	9250996	969939.9049329595	845292	DTHD	0.9897119341563786	0.943269
https://osu.ppy.sh/beatmaps/5445671	27161496	1000241.616018804	942390	HRHD	1.0	0.980067
https://osu.ppy.sh/beatmaps/5445671	3891023	1000390.0	1000390	HRNCHD	1.0	1.0
https://osu.ppy.sh/beatmaps/5445671	9910665	947911.7993104695	896253	DT	0.9835390946502057	0.964735
https://osu.ppy.sh/beatmaps/5445671	15272879	924918.2273951077	922444	DTHD	0.9794238683127572	0.978534
https://osu.ppy.sh/beatmaps/5445671	14232585	975884.4642529584	964185	HRDT	0.9917695473251029	0.987734
https://osu.ppy.sh/beatmaps/5445671	11628790	1000440.0	1000440	HRNCHDFL	1.0	1.0
https://osu.ppy.sh/beatmaps/5445671	3819901	1000440.0	1000440	HRPFDTHD	1.0	1.0
https://osu.ppy.sh/beatmaps/5445671	13344661	952379.2120686504	946894	DT	0.9835390946502057	0.981601
https://osu.ppy.sh/beatmaps/5406462	37117297	254215.10781537567	197497	NM	0.7976190476190477	0.740449
https://osu.ppy.sh/beatmaps/5406462	9910665	955209.569883768	938760	DT	0.9846390168970814	0.978809
https://osu.ppy.sh/beatmaps/5406462	15272879	739194.3138709597	712804	DTHD	0.9831029185867896	0.972839
https://osu.ppy.sh/beatmaps/5406462	37363820	272228.5423325401	254044	NM	0.7976190476190477	0.78122
https://osu.ppy.sh/beatmaps/5406462	36762804	214458.92818349026	173028	NM	0.7668970814132104	0.719257
https://osu.ppy.sh/beatmaps/5406462	30724439	622271.5836604236	603457	NM	0.9431643625192012	0.934635
https://osu.ppy.sh/beatmaps/5406462	38920976	195941.81144824636	160499	NM	0.728494623655914	0.680934
https://osu.ppy.sh/beatmaps/5406462	38845312	354461.7164155189	292822	NM	0.8594470046082949	0.814351
https://osu.ppy.sh/beatmaps/5406462	37976765	180261.7916205798	156881	NM	0.7453917050691244	0.716153
https://osu.ppy.sh/beatmaps/5050002	38334906	688443.1482012027	683116	NM	0.9710144927536232	0.968864
https://osu.ppy.sh/beatmaps/5050002	22062411	511422.8642107502	431470	NM	0.8958333333333334	0.848758
https://osu.ppy.sh/beatmaps/5050002	18933408	462999.0198348864	397965	NM	0.8858695652173914	0.845752
https://osu.ppy.sh/beatmaps/5050002	30640744	438091.7674696558	445668	HD	0.9017210144927537	0.905876
https://osu.ppy.sh/beatmaps/5050002	4624579	763732.7987699879	759007	NM	0.9796195652173914	0.977811
https://osu.ppy.sh/beatmaps/5050002	35243295	612005.2462696403	506402	NM	0.9406702898550725	0.888125
https://osu.ppy.sh/beatmaps/5050002	36067713	547070.1549238411	568967	NM	0.9352355072463768	0.945387
https://osu.ppy.sh/beatmaps/5050002	21958172	897677.9990953591	850167	NM	0.9719202898550725	0.953833
https://osu.ppy.sh/beatmaps/5050002	35119273	548234.0804810846	542672	NM	0.9107789855072463	0.907952
https://osu.ppy.sh/beatmaps/5050002	38929279	659412.6110623773	606739	NM	0.9506340579710145	0.926992
https://osu.ppy.sh/beatmaps/5395452	38707460	972338.0761183386	963660	HR	0.9908136482939632	0.987815
https://osu.ppy.sh/beatmaps/5395452	39094226	440116.55302586016	380171	NM	0.8880139982502188	0.850866
https://osu.ppy.sh/beatmaps/5395452	22471185	691188.0540987242	580962	NM	0.9046369203849519	0.846669
https://osu.ppy.sh/beatmaps/5395452	39068208	440981.5999282979	513451	NM	0.7607174103237095	0.813498
https://osu.ppy.sh/beatmaps/5395452	9250996	963214.9484450575	946035	DTHD	0.9877515310586177	0.981722
https://osu.ppy.sh/beatmaps/5395452	39085617	380785.1118804193	411492	NM	0.847331583552056	0.867249
https://osu.ppy.sh/beatmaps/5395452	16578923	662232.5820947775	614164	DTHD	0.9238845144356955	0.900826
https://osu.ppy.sh/beatmaps/5395452	3819901	1000880.0	1000880	HRPFDTHD	1.0	1.0
https://osu.ppy.sh/beatmaps/5395452	12981239	586834.8298051115	529841	NM	0.916010498687664	0.88661
https://osu.ppy.sh/beatmaps/5345037	29251720	234464.8637354582	222682	NM	0.8193404634581105	0.809175
https://osu.ppy.sh/beatmaps/5345037	9250996	398125.28862802405	393733	NM	0.9016934046345811	0.899189
https://osu.ppy.sh/beatmaps/5345037	38606274	80606.70274041803	93348	NM	0.6422459893048128	0.667707
https://osu.ppy.sh/beatmaps/5345037	35496240	520373.1110834633	516314	NM	0.9424242424242424	0.940511
https://osu.ppy.sh/beatmaps/5345037	33298120	314841.5761864156	272770	NM	0.850445632798574	0.818613
https://osu.ppy.sh/beatmaps/5345037	4347305	601539.5766262775	600367	NM	0.973083778966132	0.972597
https://osu.ppy.sh/beatmaps/5345037	16578923	402186.86321136006	403133	NM	0.9129233511586453	0.91344
https://osu.ppy.sh/beatmaps/5345037	9910665	500475.0923376671	507429	NM	0.9398395721925134	0.943141
https://osu.ppy.sh/beatmaps/5345037	19506591	348354.71396313416	342990	NM	0.8795008912655972	0.876107
https://osu.ppy.sh/beatmaps/5397604	9910665	944995.6751181072	933479	HRDT	0.981651376146789	0.977539
https://osu.ppy.sh/beatmaps/5397604	38808211	924409.2393341726	900157	NM	0.9755351681957186	0.966612
https://osu.ppy.sh/beatmaps/5397604	38948136	950931.0630696416	923342	NM	0.9831804281345565	0.97329
https://osu.ppy.sh/beatmaps/5397604	27569670	985600.2321089106	974121	NM	0.9954128440366973	0.991501
https://osu.ppy.sh/beatmaps/5397604	13344661	964041.6908921251	964305	HRDT	0.9877675840978594	0.987859
https://osu.ppy.sh/beatmaps/5397604	39084663	941232.4926287001	899548	NM	0.9797400611620795	0.964487
https://osu.ppy.sh/beatmaps/5397604	15272879	726022.8606566812	694375	DTHD	0.9323394495412844	0.918169
https://osu.ppy.sh/beatmaps/5397604	35635347	821488.5650439021	780181	NM	0.9808868501529052	0.965094
https://osu.ppy.sh/beatmaps/5397604	35214447	947753.1839245497	950054	HR	0.9827981651376146	0.98361
https://osu.ppy.sh/beatmaps/5397604	38862139	820219.4181418938	810127	NM	0.9885321100917431	0.984824
https://osu.ppy.sh/beatmaps/5050001	7254209	470848.73823577166	454794	NM	0.9245689655172413	0.916286
https://osu.ppy.sh/beatmaps/5050001	36900281	519768.7909608225	514778	NM	0.9202586206896551	0.91775
https://osu.ppy.sh/beatmaps/5050001	30182875	532491.469597239	496442	NM	0.9274425287356322	0.909261
https://osu.ppy.sh/beatmaps/5050001	9148556	591872.3500141535	543431	NM	0.9468390804597702	0.924189
https://osu.ppy.sh/beatmaps/5050001	24096425	492551.41301573487	498270	NM	0.9195402298850575	0.922433
https://osu.ppy.sh/beatmaps/5050001	22737645	572439.890791626	559412	NM	0.9511494252873564	0.945264
https://osu.ppy.sh/beatmaps/5050001	37082113	420616.53955817426	399527	NM	0.8983477011494253	0.886137
https://osu.ppy.sh/beatmaps/5050001	6436746	476940.495808577	448438	HD	0.9073275862068966	0.891699
https://osu.ppy.sh/beatmaps/5396695	38278638	630488.7464316144	620516	NM	0.9527243589743589	0.948371
https://osu.ppy.sh/beatmaps/5396695	2253559	682398.9142701296	680858	NM	0.969551282051282	0.968927
https://osu.ppy.sh/beatmaps/5396695	34872198	708436.8757518195	706621	NM	0.9711538461538461	0.970429
https://osu.ppy.sh/beatmaps/5396695	11037651	592907.9256890708	589098	NM	0.9483173076923077	0.946613
https://osu.ppy.sh/beatmaps/5396695	7710637	567830.1439092747	558738	NM	0.9495192307692307	0.945398
https://osu.ppy.sh/beatmaps/5396695	15272879	576008.0403375346	564100	HD	0.9521233974358975	0.946773
https://osu.ppy.sh/beatmaps/5396695	12908955	967945.1780719756	959423	DTHD	0.9923878205128205	0.98945
https://osu.ppy.sh/beatmaps/5396695	9910665	919280.1892381872	916511	NM	0.9819711538461539	0.980979
https://osu.ppy.sh/beatmaps/5396695	9990184	703766.5832230872	690452	HD	0.9623397435897436	0.956843
https://osu.ppy.sh/beatmaps/5396695	37408137	644088.0498938593	653189	NM	0.953926282051282	0.957802
https://osu.ppy.sh/beatmaps/5450470	4917316	945321.6642380353	936558	NM	0.9813258636788048	0.978199
https://osu.ppy.sh/beatmaps/5450470	8715808	682239.1875069921	655111	DTHD	0.9614067849361967	0.949948
https://osu.ppy.sh/beatmaps/5450470	9144292	439723.29552079306	417268	DT	0.9116090880796763	0.899252
https://osu.ppy.sh/beatmaps/5450470	22999515	409305.5713520901	383419	NM	0.8482726423902894	0.830599
https://osu.ppy.sh/beatmaps/5450470	2295850	659753.9829449861	655838	DTHD	0.967942732648615	0.966331
https://osu.ppy.sh/beatmaps/5450470	15120986	685623.0907347474	675268	DTHD	0.9505135387488328	0.946078
https://osu.ppy.sh/beatmaps/5450470	15272879	629646.0559815757	615013	DTHD	0.9407096171802054	0.934082
https://osu.ppy.sh/beatmaps/5450470	16920337	410747.367534247	381280	HR	0.8797074385309679	0.861326
https://osu.ppy.sh/beatmaps/5450470	7552338	636469.0440504323	628927	NM	0.9091192032368502	0.905444
https://osu.ppy.sh/beatmaps/5470486	30787634	708493.9679262405	702071	NM	0.9644808743169399	0.961863
https://osu.ppy.sh/beatmaps/5470486	15394215	780848.4789081289	760851	NM	0.9808743169398907	0.973217
https://osu.ppy.sh/beatmaps/5470486	12019535	753230.7269383791	758994	HD	0.9791666666666666	0.981368
https://osu.ppy.sh/beatmaps/5470486	9910665	974923.8235326693	975907	NM	0.9918032786885246	0.99214
https://osu.ppy.sh/beatmaps/5470486	18171878	616296.0762109185	619851	NM	0.9357923497267759	0.937409
https://osu.ppy.sh/beatmaps/5470486	8499833	626246.8159317565	640060	NM	0.9562841530054644	0.962154
https://osu.ppy.sh/beatmaps/5470486	14963624	697780.082566434	699013	NM	0.9610655737704918	0.961572
https://osu.ppy.sh/beatmaps/5470486	15597886	583097.2292176739	575908	NM	0.912568306010929	0.908996
https://osu.ppy.sh/beatmaps/5470486	13025053	688749.9498864675	677319	NM	0.9528688524590164	0.948006
https://osu.ppy.sh/beatmaps/5470486	17547066	983753.5451332503	975875	NM	0.994535519125683	0.991849
https://osu.ppy.sh/beatmaps/5282012	3650724	550475.9992709992	547790	NM	0.9470076897358742	0.945778
https://osu.ppy.sh/beatmaps/5282012	12717815	739654.5482426069	737089	NM	0.9769307923771314	0.975934
https://osu.ppy.sh/beatmaps/5282012	5424206	565173.0981713431	563362	HD	0.9439986626546305	0.943169
https://osu.ppy.sh/beatmaps/5282012	33887741	573347.823051682	567166	NM	0.9607154797726513	0.958014
https://osu.ppy.sh/beatmaps/5282012	6436746	417138.9421092503	410039	HD	0.9073888331661651	0.903445
https://osu.ppy.sh/beatmaps/5282012	14599636	512216.55418145505	508460	NM	0.9371447676362421	0.93534
https://osu.ppy.sh/beatmaps/5282012	35865572	394345.2842101768	397839	NM	0.8808090939485123	0.882916
https://osu.ppy.sh/beatmaps/5282012	13462426	379348.2821665705	374564	NM	0.8833166165162153	0.880393
https://osu.ppy.sh/beatmaps/5282012	15272879	625549.8054527217	624081	HD	0.9567034436643264	0.956072
https://osu.ppy.sh/beatmaps/5282012	30959832	557346.6782242889	548349	NM	0.937980608492143	0.933745
https://osu.ppy.sh/beatmaps/5285350	38269651	972252.777218189	956992	NM	0.9905437352245863	0.985247
https://osu.ppy.sh/beatmaps/5285350	8202576	1000400.0	1000400	PF	1.0	1.0
https://osu.ppy.sh/beatmaps/5285350	32215793	892507.1728235341	853781	NM	0.9633569739952719	0.948363
https://osu.ppy.sh/beatmaps/5285350	38902678	583627.3903548166	485688	NM	0.8983451536643026	0.842785
https://osu.ppy.sh/beatmaps/5285350	27803333	460563.82104352873	453521	NM	0.8664302600472813	0.862148
https://osu.ppy.sh/beatmaps/5285350	38822674	623474.9717554178	595392	NM	0.9231678486997635	0.909636
https://osu.ppy.sh/beatmaps/5285350	38579374	433907.7164202909	407161	NM	0.8622931442080378	0.84509
https://osu.ppy.sh/beatmaps/5285350	36202094	468737.03378003795	404893	NM	0.874113475177305	0.833564
https://osu.ppy.sh/beatmaps/5285350	28632733	659455.9127255036	644881	DTHD	0.9403073286052009	0.933794
https://osu.ppy.sh/beatmaps/5285350	15272879	898781.4924767206	856863	DTHD	0.9645390070921985	0.948363
https://osu.ppy.sh/beatmaps/5466681	36824726	703113.0213493318	718581	NM	0.9319727891156463	0.938725
https://osu.ppy.sh/beatmaps/5466681	27880242	704639.0377204777	700046	NM	0.9574829931972789	0.955576
https://osu.ppy.sh/beatmaps/5466681	17193028	778531.4026410319	785564	NM	0.9727891156462585	0.97549
https://osu.ppy.sh/beatmaps/5466681	15363330	548184.4081389131	565079	NM	0.9166666666666666	0.924939
https://osu.ppy.sh/beatmaps/5466681	20633358	766373.7760126719	779873	NM	0.9438775510204082	0.949449
https://osu.ppy.sh/beatmaps/5466681	14984669	751683.8643656488	738605	NM	0.9608843537414966	0.955576
https://osu.ppy.sh/beatmaps/5466681	34757328	552905.5873350771	568209	NM	0.9362244897959183	0.943321
https://osu.ppy.sh/beatmaps/5466681	6937870	732971.4626451721	738547	NM	0.9455782312925171	0.947917
https://osu.ppy.sh/beatmaps/5466681	24253461	744594.5579379615	730377	HR	0.9651360544217688	0.959406
https://osu.ppy.sh/beatmaps/5453446	13627680	967199.3661722352	966656	NM	0.988988988988989	0.988801
https://osu.ppy.sh/beatmaps/5453446	33641842	180448.94326354365	182678	NM	0.7457457457457457	0.74832
https://osu.ppy.sh/beatmaps/5453446	36873132	83553.03900894203	79271	NM	0.6141141141141141	0.603634
https://osu.ppy.sh/beatmaps/5453446	30182875	254056.8471291521	245667	NM	0.7230980980980981	0.713568
https://osu.ppy.sh/beatmaps/5453446	35324980	219695.1945231806	211810	NM	0.7505005005005005	0.741827
https://osu.ppy.sh/beatmaps/5453446	7809099	856544.6553027878	854680	NM	0.986986986986987	0.986312
https://osu.ppy.sh/beatmaps/5453446	12937427	757284.2338399356	748194	NM	0.9673423423423423	0.963732
https://osu.ppy.sh/beatmaps/5453446	30457971	139883.44628152717	135421	DTHD	0.7048298298298298	0.698274
https://osu.ppy.sh/beatmaps/5453446	23457437	537885.7748000362	531332	NM	0.9175425425425425	0.914251
https://osu.ppy.sh/beatmaps/5396699	4084424	303692.32812464354	302844	NM	0.8581804281345565	0.85759
https://osu.ppy.sh/beatmaps/5396699	11610643	504844.9404877658	519753	HD	0.9364169215086646	0.943495
https://osu.ppy.sh/beatmaps/5396699	6528747	561129.8918347259	559075	NM	0.9540010193679919	0.953084
https://osu.ppy.sh/beatmaps/5396699	754565	453919.0493436643	449809	NM	0.9175586136595311	0.9154
https://osu.ppy.sh/beatmaps/5396699	5182050	471941.37001526693	478620	NM	0.939729867482161	0.942948
https://osu.ppy.sh/beatmaps/5396699	10053599	334248.83973011235	352496	NM	0.8803516819571865	0.891616
https://osu.ppy.sh/beatmaps/5396699	10859085	257024.79402738655	273991	NM	0.8352446483180428	0.848106
https://osu.ppy.sh/beatmaps/5396699	14260498	337081.3227510608	331162	NM	0.8762742099898063	0.872458
https://osu.ppy.sh/beatmaps/5396699	14651919	445167.83706649556	457096	NM	0.9305555555555556	0.936513
https://osu.ppy.sh/beatmaps/5396699	11692680	549573.6372703022	550494	NM	0.9436799184505607	0.944104
https://osu.ppy.sh/beatmaps/5009100	25545655	341061.27460906707	358086	NM	0.8765022137887413	0.887105
https://osu.ppy.sh/beatmaps/5009100	14187582	490329.1200964352	511521	NM	0.9430740037950665	0.952959
https://osu.ppy.sh/beatmaps/5009100	9910665	672100.9886916612	679614	NM	0.9645793801391525	0.967656
https://osu.ppy.sh/beatmaps/5009100	11190159	511456.22867722466	522354	NM	0.9536685641998734	0.958595
https://osu.ppy.sh/beatmaps/5009100	35041134	383725.85487534985	416319	NM	0.9055977229601518	0.923349
https://osu.ppy.sh/beatmaps/5009100	4524910	604604.8524454181	594660	NM	0.9563567362428842	0.952007
https://osu.ppy.sh/beatmaps/5009100	3754536	430701.3886758555	449652	NM	0.9218848829854522	0.931602
https://osu.ppy.sh/beatmaps/5009100	9379821	528140.206798534	534488	NM	0.9501897533206831	0.953077
https://osu.ppy.sh/beatmaps/5009100	7121520	485203.98530278524	499634	HD	0.9397533206831119	0.946609
https://osu.ppy.sh/beatmaps/5009100	6384603	403226.1703274528	376279	NM	0.9109740670461733	0.895691
https://osu.ppy.sh/beatmaps/5091737	15375508	613963.6922040376	579617	NM	0.9516255385820603	0.936151
https://osu.ppy.sh/beatmaps/5091737	23800594	222838.72084169136	198732	NM	0.7855464159811986	0.761139
https://osu.ppy.sh/beatmaps/5091737	7215843	115130.94008590654	103139	NM	0.6688209949079514	0.646608
https://osu.ppy.sh/beatmaps/5091737	15272879	614281.4993930932	598434	HD	0.9637681159420289	0.956974
https://osu.ppy.sh/beatmaps/5091737	33102208	269749.45502304024	230280	HD	0.8253035644339992	0.791364
https://osu.ppy.sh/beatmaps/5091737	2253559	550327.1915126559	531264	NM	0.9573051312181747	0.948706
https://osu.ppy.sh/beatmaps/5091737	14187582	551326.4201998268	528288	DT	0.9565217391304348	0.946073
https://osu.ppy.sh/beatmaps/5091737	37074974	340082.78030806256	307916	NM	0.8709361535448492	0.849058
https://osu.ppy.sh/beatmaps/5091737	11549947	358435.0869157987	281835	NM	0.8697610654132393	0.814485
https://osu.ppy.sh/beatmaps/5091737	28342040	345647.6980060818	240573	NM	0.8619271445358402	0.778717
https://osu.ppy.sh/beatmaps/5278315	15272879	543912.7787611482	535367	DTHD	0.9005524861878453	0.896062
https://osu.ppy.sh/beatmaps/5278315	34664157	682521.8351934595	578225	NM	0.914364640883978	0.860928
https://osu.ppy.sh/beatmaps/5278315	39085109	574806.049008355	526900	NM	0.858195211786372	0.829454
https://osu.ppy.sh/beatmaps/5278315	7274162	412691.8358169069	409113	DT	0.8370165745856354	0.834578
https://osu.ppy.sh/beatmaps/5278315	3819901	1000000.0	1000000	HRPFHD	1.0	1.0
https://osu.ppy.sh/beatmaps/5278315	9250996	967454.6940227398	946747	DTHD	0.988950276243094	0.981701
https://osu.ppy.sh/beatmaps/5278315	38935030	874666.5514344862	840252	HR	0.9558011049723757	0.942175
https://osu.ppy.sh/beatmaps/5278315	5040303	978171.2281369807	932412	HRDTHD	0.992633517495396	0.976577
https://osu.ppy.sh/beatmaps/5380614	16578923	574514.7593888658	567675	DTHD	0.9303090072320842	0.927056
https://osu.ppy.sh/beatmaps/5380614	3819901	1000000.0	1000000	PFHD	1.0	1.0
https://osu.ppy.sh/beatmaps/5380614	5922849	665937.1879381649	609247	NM	0.9303090072320842	0.903426
https://osu.ppy.sh/beatmaps/5380614	35268275	941814.1605811396	894954	NM	0.9799474030243261	0.962757
https://osu.ppy.sh/beatmaps/5380614	38394747	535014.5144474903	452015	NM	0.9178172255095332	0.872605
https://osu.ppy.sh/beatmaps/5380614	39030787	904642.1846288473	902861	NM	0.9911242603550295	0.990497
https://osu.ppy.sh/beatmaps/5380614	38475508	820813.4538395007	819769	NM	0.9888231426692965	0.988442
https://osu.ppy.sh/beatmaps/5380614	32812913	688858.2742606442	619252	NM	0.9562787639710717	0.925515
https://osu.ppy.sh/beatmaps/5380614	26293622	508402.23980119394	461133	NM	0.9020381328073636	0.875687
https://osu.ppy.sh/beatmaps/5470470	9910665	971851.3836854226	924176	DT	0.9911111111111112	0.974263
https://osu.ppy.sh/beatmaps/5470470	38400698	951024.2949454469	946869	NM	0.9844444444444445	0.98298
https://osu.ppy.sh/beatmaps/5470470	15272879	1000040.0	1000040	DTHD	1.0	1.0
https://osu.ppy.sh/beatmaps/5470470	38385013	960975.5659891819	961120	NM	0.9866666666666667	0.986717
https://osu.ppy.sh/beatmaps/5470470	24058868	953049.2856133927	926424	NM	0.985	0.975509
https://osu.ppy.sh/beatmaps/5470470	12017112	966500.7051807465	933289	NM	0.9888888888888889	0.977169
https://osu.ppy.sh/beatmaps/5470470	35651177	947352.2896733116	905969	NM	0.9822222222222222	0.967206
https://osu.ppy.sh/beatmaps/5470470	5040303	965128.7303949468	933086	DT	0.9888888888888889	0.977584
https://osu.ppy.sh/beatmaps/5470470	36471194	958846.8827449222	947167	NM	0.9866666666666667	0.982565
https://osu.ppy.sh/beatmaps/5470470	38829492	951089.0197358844	949690	NM	0.9838888888888889	0.983396
https://osu.ppy.sh/beatmaps/5423105	37110940	373065.82984841	431940	NM	0.8171355498721228	0.857377
https://osu.ppy.sh/beatmaps/5423105	39102098	488879.16900722636	422958	NM	0.8930093776641091	0.853909
https://osu.ppy.sh/beatmaps/5423105	39092772	148267.1934127587	106695	NM	0.6935208866155158	0.620085
https://osu.ppy.sh/beatmaps/5423105	38845312	684027.3966400151	604334	NM	0.9326513213981245	0.894668
https://osu.ppy.sh/beatmaps/5423105	9297475	356951.56831939315	319373	NM	0.8495311167945439	0.822309
https://osu.ppy.sh/beatmaps/5423105	36113126	394197.08189895866	299052	NM	0.860613810741688	0.78999
https://osu.ppy.sh/beatmaps/5423105	13598625	592296.7105489081	542887	DT	0.9467178175618073	0.923585
https://osu.ppy.sh/beatmaps/5423105	7274162	474705.700294935	423785	DT	0.9083546462063086	0.879751
https://osu.ppy.sh/beatmaps/5423105	6436746	646726.556692695	569631	DTHD	0.9505541346973572	0.914949
https://osu.ppy.sh/beatmaps/5453445	38075913	225593.1762951982	178364	NM	0.7632249840662843	0.708352
https://osu.ppy.sh/beatmaps/5453445	38106114	758030.4875842405	694589	NM	0.9557042702358189	0.928673
https://osu.ppy.sh/beatmaps/5453445	32812913	426657.6949082826	370080	NM	0.8849585723390695	0.849383
https://osu.ppy.sh/beatmaps/5453445	9910665	913579.1860289662	879136	DT	0.9706819630337795	0.957725
https://osu.ppy.sh/beatmaps/5453445	37760168	414355.5162403609	375137	NM	0.8945188017845762	0.870914
https://osu.ppy.sh/beatmaps/5453445	36599655	370740.12953589065	303484	NM	0.8626513702995539	0.814285
https://osu.ppy.sh/beatmaps/5453445	21109515	431121.5193327183	381634	NM	0.8891013384321224	0.858772
https://osu.ppy.sh/beatmaps/5453445	19396021	288588.14148431283	194044	NM	0.7931803696622052	0.691835
https://osu.ppy.sh/beatmaps/5453445	38826841	415860.2398545304	405832	NM	0.878585086042065	0.872487
https://osu.ppy.sh/beatmaps/5470473	37000630	848502.1530550077	825613	NM	0.9826388888888888	0.974124
https://osu.ppy.sh/beatmaps/5470473	30787634	630066.1724062163	625363	NM	0.9587673611111112	0.956756
https://osu.ppy.sh/beatmaps/5470473	34087746	595167.5753397816	592316	NM	0.9318576388888888	0.930526
https://osu.ppy.sh/beatmaps/5470473	22737645	763060.2027238508	764308	NM	0.9722222222222222	0.972707
https://osu.ppy.sh/beatmaps/5470473	14676422	695436.6854705561	701612	HD	0.9678819444444444	0.970367
https://osu.ppy.sh/beatmaps/5470473	15272879	668218.4969339119	661896	HD	0.9565972222222222	0.95392
https://osu.ppy.sh/beatmaps/5470473	37172303	703894.951707948	695929	NM	0.9470486111111112	0.943641
https://osu.ppy.sh/beatmaps/5470473	17033632	950350.2030293978	946410	DTHD	0.984375	0.982986
https://osu.ppy.sh/beatmaps/5470473	19652466	593521.8207894587	609099	NM	0.9427083333333334	0.949667
https://osu.ppy.sh/beatmaps/5470473	9910665	952408.4720936171	966895	NM	0.9861111111111112	0.991139
https://osu.ppy.sh/beatmaps/5470471	38238515	913037.7696584624	892823	NM	0.9704457364341085	0.962904
https://osu.ppy.sh/beatmaps/5470471	34084617	971435.269470421	960075	NM	0.9903100775193798	0.986373
https://osu.ppy.sh/beatmaps/5470471	12107816	976088.9008300754	968906	NM	0.9922480620155039	0.98978
https://osu.ppy.sh/beatmaps/5470471	24762618	877184.5194338725	858387	NM	0.9573643410852714	0.950034
https://osu.ppy.sh/beatmaps/5470471	9910665	994304.1059096768	986576	DT	0.998062015503876	0.995458
https://osu.ppy.sh/beatmaps/5470471	24673318	902185.7602163153	884454	NM	0.9665697674418605	0.959876
https://osu.ppy.sh/beatmaps/5470471	5040303	994304.082987372	991061	NM	0.998062015503876	0.996972
https://osu.ppy.sh/beatmaps/5470471	37796957	906889.2231940733	897663	NM	0.9689922480620154	0.965554
https://osu.ppy.sh/beatmaps/5470471	37000630	1000198.7237555906	982213	NM	1.0	0.993944
https://osu.ppy.sh/beatmaps/5470471	26807294	949267.950284137	913701	SD	0.9825581395348837	0.969718
https://osu.ppy.sh/beatmaps/5093666	33248084	263921.34794194845	246004	NM	0.8295833333333333	0.814944
https://osu.ppy.sh/beatmaps/5093666	6280190	624421.3025634205	618346	HD	0.95125	0.948588
https://osu.ppy.sh/beatmaps/5093666	14055225	358166.1776816295	309816	NM	0.88375	0.851922
https://osu.ppy.sh/beatmaps/5093666	36243201	405811.058840121	428563	NM	0.909375	0.921608
https://osu.ppy.sh/beatmaps/5093666	30479068	632563.3797401001	626546	NM	0.9654166666666667	0.962889
https://osu.ppy.sh/beatmaps/5093666	14491245	332956.6066387272	249806	NM	0.854375	0.788658
https://osu.ppy.sh/beatmaps/5093666	24086845	526732.4086806382	519159	HD	0.9458333333333333	0.942298
https://osu.ppy.sh/beatmaps/5093666	8457123	373458.154073058	380455	NM	0.8935416666666667	0.89764
https://osu.ppy.sh/beatmaps/5093666	32092034	478851.4169848878	479330	NM	0.9222916666666666	0.922535
https://osu.ppy.sh/beatmaps/5447907	38765839	771158.8880143653	616792	NM	0.9160206718346253	0.837811
https://osu.ppy.sh/beatmaps/5447907	37353849	721406.0083411491	625801	NM	0.958656330749354	0.916418
https://osu.ppy.sh/beatmaps/5447907	13598625	645324.9547342125	607423	NM	0.9341085271317829	0.916418
https://osu.ppy.sh/beatmaps/5447907	15272879	577927.3102973653	511194	HD	0.9328165374677002	0.899503
https://osu.ppy.sh/beatmaps/5447907	16578923	804988.0489895174	753798	NM	0.9328165374677002	0.910448
https://osu.ppy.sh/beatmaps/5447907	7274162	608285.3509133472	530915	NM	0.8875968992248062	0.844179
https://osu.ppy.sh/beatmaps/5447907	37472545	620465.2862447277	511778	NM	0.9457364341085271	0.892537
https://osu.ppy.sh/beatmaps/5447907	14232585	1000249.7013940238	976684	NM	1.0	0.99204
https://osu.ppy.sh/beatmaps/5447907	9910665	739776.7542655179	711548	NM	0.9560723514211886	0.944279
https://osu.ppy.sh/beatmaps/5447907	16072104	703494.8476354044	637467	DT	0.9534883720930233	0.924378
https://osu.ppy.sh/beatmaps/3236442	9910665	989376.7920300318	982167	DT	0.9964349376114082	0.993993
https://osu.ppy.sh/beatmaps/3236442	34371591	397242.9053054661	360250	DT	0.8676470588235294	0.843208
https://osu.ppy.sh/beatmaps/3236442	33045587	635881.3458054069	643050	NM	0.9603386809269162	0.963355
https://osu.ppy.sh/beatmaps/3236442	38368186	372861.8182197771	340069	NM	0.8511586452762924	0.828039
https://osu.ppy.sh/beatmaps/3236442	12107816	978871.1133525678	956066	NM	0.9928698752228164	0.984982
https://osu.ppy.sh/beatmaps/3236442	35100444	187350.71539252222	158903	NM	0.7045454545454546	0.663363
https://osu.ppy.sh/beatmaps/3236442	38776318	375536.3686651065	314875	NM	0.8591800356506238	0.815724
https://osu.ppy.sh/beatmaps/3236442	27803333	301569.65258383914	284884	NM	0.8003565062388592	0.785988
https://osu.ppy.sh/beatmaps/3236442	19280273	305918.1519648782	254459	DT	0.8083778966131907	0.762334
https://osu.ppy.sh/beatmaps/5093941	39060278	148484.28321373774	145342	NM	0.7113636363636363	0.706955
https://osu.ppy.sh/beatmaps/5093941	38878532	281643.28683934367	225024	NM	0.8007575757575758	0.746501
https://osu.ppy.sh/beatmaps/5093941	16513927	509735.8092192875	410109	HR	0.8833333333333333	0.820823
https://osu.ppy.sh/beatmaps/5093941	32567092	622027.0289974107	570529	NM	0.9401515151515152	0.915924
https://osu.ppy.sh/beatmaps/5093941	15272879	719780.4850437283	631416	DTHD	0.9613636363636363	0.922816
https://osu.ppy.sh/beatmaps/5093941	9250996	716613.0370028787	643153	DTHD	0.9568181818181818	0.924724
https://osu.ppy.sh/beatmaps/5093941	39100413	176371.74817710835	148463	NM	0.7181818181818181	0.678753
https://osu.ppy.sh/beatmaps/5093941	38985886	856417.4694049149	792137	HR	0.9477272727272728	0.921014
https://osu.ppy.sh/beatmaps/5093941	13344661	955896.9769453222	909700	HRDT	0.9848484848484849	0.968193
https://osu.ppy.sh/beatmaps/5093941	38112178	389766.727494311	320915	HR	0.8606060606060606	0.811493
https://osu.ppy.sh/beatmaps/687614	16078936	419675.2190373821	387134	NM	0.9190869903187054	0.901154
https://osu.ppy.sh/beatmaps/687614	11913663	461640.56639085576	458169	NM	0.9241749699667868	0.922395
https://osu.ppy.sh/beatmaps/687614	25859762	368007.13618077536	355401	HR	0.9025863896544414	0.895201
https://osu.ppy.sh/beatmaps/687614	8457123	359530.41776718653	362007	NM	0.9067910395025086	0.908204
https://osu.ppy.sh/beatmaps/687614	27943032	460804.04344529123	434733	NM	0.9320896049749134	0.918719
https://osu.ppy.sh/beatmaps/687614	18245415	317896.93376433745	290269	NM	0.87375450498198	0.854919
https://osu.ppy.sh/beatmaps/687614	9910665	424655.64366904844	411310	NM	0.9057663769344922	0.898297
https://osu.ppy.sh/beatmaps/687614	29761159	540043.9818274861	528385	NM	0.9499682001271995	0.944604
https://osu.ppy.sh/beatmaps/687614	16125307	342931.44575980515	333754	NM	0.8765458271500247	0.87063
https://osu.ppy.sh/beatmaps/687614	6044155	399851.98905150907	377459	NM	0.9117376863825878	0.899104
https://osu.ppy.sh/beatmaps/5457151	13627680	972014.3889568155	948392	NM	0.9913978494623656	0.983174
https://osu.ppy.sh/beatmaps/5457151	33081299	834947.5462129125	822661	HR	0.9666666666666667	0.96192
https://osu.ppy.sh/beatmaps/5457151	27942531	962412.4189259436	968978	NM	0.9870967741935484	0.989373
https://osu.ppy.sh/beatmaps/5457151	3500708	950241.6279538558	938849	NM	0.9827956989247312	0.978746
https://osu.ppy.sh/beatmaps/5457151	12900547	962371.732925597	946166	HRHD	0.9870967741935484	0.981403
https://osu.ppy.sh/beatmaps/5457151	7969090	914426.6883641734	890755	DTHD	0.9698924731182795	0.961034
https://osu.ppy.sh/beatmaps/5457151	12108814	924004.5737655081	900345	HRHD	0.9741935483870968	0.965462
https://osu.ppy.sh/beatmaps/5457151	33684687	891327.8233263856	872225	NM	0.9612903225806452	0.95395
https://osu.ppy.sh/beatmaps/5457151	35466677	902905.1047177927	890815	HRHD	0.9655913978494624	0.961034
https://osu.ppy.sh/beatmaps/5457151	3053670	937907.782405256	919047	HRHD	0.978494623655914	0.971661
https://osu.ppy.sh/beatmaps/5396696	16463945	443517.7297954188	430463	NM	0.9236773633998265	0.916837
https://osu.ppy.sh/beatmaps/5396696	9910665	330640.55892423104	325390	NM	0.8622434229546112	0.858689
https://osu.ppy.sh/beatmaps/5396696	14187582	280541.38920518383	283903	NM	0.8422954611159295	0.844792
https://osu.ppy.sh/beatmaps/5396696	22934116	387049.8151747	380226	NM	0.8886961549580804	0.884606
https://osu.ppy.sh/beatmaps/5396696	37219584	357883.86026155273	350404	NM	0.8798785776235907	0.875171
https://osu.ppy.sh/beatmaps/5396696	10563307	231864.24925562408	229657	NM	0.8107834634287366	0.808855
https://osu.ppy.sh/beatmaps/5396696	18838192	419858.87636253773	397383	NM	0.9027175484244001	0.889848
https://osu.ppy.sh/beatmaps/5396696	4347305	555301.6408150687	562031	NM	0.9554784619832322	0.958455
https://osu.ppy.sh/beatmaps/5396696	18368996	267691.978772081	268333	NM	0.8233593524139925	0.823874
https://osu.ppy.sh/beatmaps/5396696	18930821	183651.9849724888	183825	HD	0.7636600173460538	0.763848
https://osu.ppy.sh/beatmaps/5453448	12591424	608456.911636647	603064	NM	0.9576940957694096	0.955357
https://osu.ppy.sh/beatmaps/5453448	4624579	782359.2433390834	783426	NM	0.9869827986982799	0.987379
https://osu.ppy.sh/beatmaps/5453448	12210809	870514.1528268303	859914	HR	0.9741980474198048	0.970238
https://osu.ppy.sh/beatmaps/5453448	4917316	986160.2065700367	979885	NM	0.9953509995351	0.993219
https://osu.ppy.sh/beatmaps/5453448	27670258	678051.626672579	639302	NM	0.9451417945141795	0.927856
https://osu.ppy.sh/beatmaps/5453448	30368920	622908.1756736444	598306	HD	0.9437470943747094	0.932565
https://osu.ppy.sh/beatmaps/5453448	15272879	725665.3829649636	681511	DTHD	0.9560669456066946	0.937274
https://osu.ppy.sh/beatmaps/5453448	36371376	632908.5143420955	591146	NM	0.9270106927010693	0.906947
https://osu.ppy.sh/beatmaps/5453448	12960320	763414.3251274608	749530	NM	0.9776847977684798	0.97231
https://osu.ppy.sh/beatmaps/5094667	38238515	338767.922223835	340734	NM	0.8811175337186898	0.882351
https://osu.ppy.sh/beatmaps/5094667	9910665	648867.3330149731	654631	NM	0.9745664739884393	0.97689
https://osu.ppy.sh/beatmaps/5094667	38415107	315529.3265687705	316873	NM	0.8595375722543352	0.860457
https://osu.ppy.sh/beatmaps/5094667	34440255	452008.02094824903	416784	NM	0.9283236994219654	0.909779
https://osu.ppy.sh/beatmaps/5094667	5040303	522797.63921536563	508222	NM	0.9475915221579961	0.940765
https://osu.ppy.sh/beatmaps/5094667	15272879	566846.323435973	572390	HD	0.9630057803468208	0.965396
https://osu.ppy.sh/beatmaps/5094667	14187582	496123.75252918934	493736	DTHD	0.9450867052023122	0.943958
https://osu.ppy.sh/beatmaps/5094667	17427348	379537.27898439224	390452	NM	0.8930635838150289	0.89941
https://osu.ppy.sh/beatmaps/5094667	2295850	629975.6257451647	629795	NM	0.981888246628131	0.981816
https://osu.ppy.sh/beatmaps/5094667	24508478	409725.23007544875	391628	NM	0.9084778420038536	0.898285
https://osu.ppy.sh/beatmaps/5454622	24542250	890650.8909801552	843260	NM	0.9622641509433962	0.943748
https://osu.ppy.sh/beatmaps/5454622	16671468	963046.9765107061	949244	HR	0.9874213836477987	0.982584
https://osu.ppy.sh/beatmaps/5454622	14945191	785249.9322212425	789997	HD	0.9685534591194969	0.970394
https://osu.ppy.sh/beatmaps/5454622	14260498	878542.2867304478	859892	NM	0.9790356394129979	0.972135
https://osu.ppy.sh/beatmaps/5454622	19159804	827994.9909664327	822978	HR	0.960167714884696	0.958203
https://osu.ppy.sh/beatmaps/5454622	35998860	951070.1576126104	949244	NM	0.9832285115303984	0.982584
https://osu.ppy.sh/beatmaps/5454622	28468140	963044.2928019243	959160	NM	0.9874213836477987	0.986068
https://osu.ppy.sh/beatmaps/5454622	20473702	897225.1063650222	898379	NM	0.9769392033542977	0.97736
https://osu.ppy.sh/beatmaps/5454622	10091878	909423.8763210119	916429	HR	0.9853249475890985	0.987809
https://osu.ppy.sh/beatmaps/5454622	17706371	888897.693228466	890048	NM	0.9769392033542977	0.97736
https://osu.ppy.sh/beatmaps/5380616	15272879	465927.66934521904	482792	HD	0.9311361200428725	0.939413
https://osu.ppy.sh/beatmaps/5380616	19040851	373677.5600984285	350004	NM	0.8542336548767417	0.837936
https://osu.ppy.sh/beatmaps/5380616	19652466	449443.6748093456	456151	NM	0.9131832797427653	0.91672
https://osu.ppy.sh/beatmaps/5380616	15769839	824441.7259299436	809804	NM	0.977491961414791	0.971955
https://osu.ppy.sh/beatmaps/5380616	34440255	661244.8408368836	632248	NM	0.9496248660235799	0.936844
https://osu.ppy.sh/beatmaps/5380616	10903753	299319.2429596261	298500	NM	0.8263665594855305	0.825733
https://osu.ppy.sh/beatmaps/5380616	22737645	725079.6415205023	721576	DT	0.967577706323687	0.966174
https://osu.ppy.sh/beatmaps/5380616	36704522	398364.5441609175	375277	NM	0.8869239013933548	0.872832
https://osu.ppy.sh/beatmaps/5380616	5753195	621211.2491720174	586377	NM	0.9581993569131833	0.942839
https://osu.ppy.sh/beatmaps/5457470	34937637	736312.4720196944	765845	NM	0.9454191033138402	0.957579
https://osu.ppy.sh/beatmaps/5457470	33614684	774114.398681176	781629	NM	0.9512670565302144	0.954316
https://osu.ppy.sh/beatmaps/5457470	18108814	796921.9921306362	810007	NM	0.9746588693957114	0.979605
https://osu.ppy.sh/beatmaps/5457470	20473702	732468.998245168	750079	NM	0.9337231968810916	0.941263
https://osu.ppy.sh/beatmaps/5457470	12212214	687868.3000376776	706849	NM	0.9571150097465887	0.964921
https://osu.ppy.sh/beatmaps/5457470	15974226	763671.4276657554	737597	NM	0.9688109161793372	0.958395
https://osu.ppy.sh/beatmaps/5457470	23111153	746023.2118200436	726514	NM	0.9590643274853801	0.951052
https://osu.ppy.sh/beatmaps/5457470	24595935	728539.2947450822	740441	NM	0.9551656920077972	0.960026
https://osu.ppy.sh/beatmaps/5457470	10229925	787083.7093425142	786291	HR	0.9668615984405458	0.966552
https://osu.ppy.sh/beatmaps/5255896	39070708	505552.67216013593	462552	NM	0.9171821305841924	0.894257
https://osu.ppy.sh/beatmaps/5255896	39098989	283434.1128649128	203376	NM	0.8281786941580757	0.754648
https://osu.ppy.sh/beatmaps/5255896	38952408	718893.7735074547	579775	NM	0.9309278350515464	0.861758
https://osu.ppy.sh/beatmaps/5255896	23047265	274803.2858656362	202261	NM	0.8147766323024055	0.745133
https://osu.ppy.sh/beatmaps/5255896	34832021	465029.1661942258	342947	NM	0.9082474226804124	0.832284
https://osu.ppy.sh/beatmaps/5255896	39101118	287035.1490278994	238079	NM	0.8278350515463917	0.785976
https://osu.ppy.sh/beatmaps/5255896	38820978	600318.6513676473	506826	NM	0.9278350515463918	0.879715
https://osu.ppy.sh/beatmaps/5255896	3891023	995776.5750560386	978734	HRNCHD	0.9972508591065292	0.991461
https://osu.ppy.sh/beatmaps/5255896	39076831	564029.3653387579	514217	NM	0.9082474226804124	0.881765
https://osu.ppy.sh/beatmaps/5260125	7710637	756441.1527541089	738253	NM	0.9693572496263079	0.962121
https://osu.ppy.sh/beatmaps/5260125	21521518	412562.5880116434	406695	NM	0.8907324364723468	0.887301
https://osu.ppy.sh/beatmaps/5260125	15272879	945470.6945986954	927954	HD	0.9881913303437967	0.982011
https://osu.ppy.sh/beatmaps/5260125	10891161	464693.16644878814	441691	NM	0.9014947683109118	0.888644
https://osu.ppy.sh/beatmaps/5260125	30568783	463798.3649466565	443412	NM	0.9002989536621824	0.888897
https://osu.ppy.sh/beatmaps/5260125	4800008	329111.4652538296	304741	NM	0.8358744394618834	0.817371
https://osu.ppy.sh/beatmaps/5260125	38244168	275179.3087276529	248307	NM	0.8022421524663678	0.778048
https://osu.ppy.sh/beatmaps/5260125	6661193	518173.087619989	501405	NM	0.9047832585949178	0.895865
https://osu.ppy.sh/beatmaps/5260125	10792914	470078.20830536797	451279	NM	0.8958146487294469	0.885223
https://osu.ppy.sh/beatmaps/5260125	9910665	962920.0678039875	949943	NM	0.9874439461883409	0.982898
